0
0
0
0
0
-1
0
1
0
0
0
0
1
0
0
0
0
0
-1
0
0
-1
0
0
0
0
0
0
0
0
0
0
0
1
1
1
1
0
0
-1
1
0
0
0
0
0
0
0
0
0
0
0
0
1
0
0
1
0
1
0
0
1
0
0
0
0
1
0
0
-1
0
0
1
1
0
0
-1
0
-1
-1
0
0
0
1
1
0
-1
0
1
0
0
0
0
1
0
1
-1
0
1
0
0
0
-1
0
0
0
1
0
-1
0
-1
-1
0
0
1
0
0
0
1
1
0
0
1
1
-1
0
-1
0
0
0
1
0
0
0
0
-1
0
0
-1
0
0
-1
-1
1
0
0
0
0
-1
0
1
0
0
0
-1
1
0
1
0
1
-1
0
0
0
-1
0
0
0
0
0
0
0
0
0
0
0
0
0
0
0
0
0
1
0
0
0
0
1
0
0
0
0
0
0
0
0
0
0
0
0
0
0
0
0
0
0
0
0
1
0
0
0
0
-1
0
0
1
0
0
0
0
0
-1
0
0
0
0
0
0
-1
0
0
-1
0
0
0
-1
0
0
0
0
-1
0
0
0
0
0
0
0
0
0
0
0
0
0
0
0
-1
0
0
0
-1
0
-1
0
-1
0
0
0
0
1
0
0
0
0
-1
1
0
0
0
0
0
1
0
0
0
0
0
0
1
0
0
0
0
-1
0
-1
0
0
0
0
0
0
0
0
0
0
0
0
0
0
0
0
0
1
0
1
1
0
1
0
0
0
0
0
1
0
1
0
0
0
1
0
0
-1
0
0
1
0
-1
0
0
0
0
-1
-1
1
0
0
1
0
0
1
0
0
0
-1
1
0
0
0
0
0
0
-1
0
0
0
0
0
0
0
0
0
0
0
0
0
0
0
0
0
0
0
0
-1
0
-1
0
-1
0
0
0
0
0
-1
0
-1
1
0
0
0
0
0
-1
0
-1
0
-1
0
0
0
0
-1
0
-1
0
1
0
0
0
0
0
0
1
0
0
0
0
0
0
-1
0
0
0
0
0
0
0
0
1
0
1
1
0
0
0
0
0
0
0
0
0
0
1
0
1
0
0
0
0
0
0
0
1
0
0
0
1
0
1
1
0
0
0
0
-1
0
0
1
0
0
0
0
0
0
0
0
0
0
0
0
0
-1
0
0
0
0
0
0
0
0
0
-1
0
1
0
0
0
0
0
0
0
-1
1
0
0
0
1
0
1
0
0
0
0
0
0
0
-1
0
1
0
0
0
1
0
0
0
0
-1
1
1
0
0
1
0
0
0
0
0
0
0
0
-1
0
0
0
0
1
0
0
0
0
0
0
-1
-1
1
0
0
1
0
0
-1
0
-1
1
0
1
0
0
0
0
1
-1
0
0
0
0
0
0
0
0
0
0
0
0
0
0
-1
0
0
0
0
1
0
0
0
0
0
0
0
0
-1
0
0
0
-1
0
0
1
0
-1
0
0
0
0
1
1
1
0
0
-1
0
0
-1
0
0
0
0
-1
0
0
0
0
0
0
1
0
0
0
0
0
1
0
0
0
0
0
0
0
-1
1
-1
0
-1
0
0
0
0
-1
0
0
0
0
0
0
0
0
0
1
0
0
0
0
0
0
0
0
0
0
0
0
0
0
-1
0
0
0
1
0
0
0
0
-1
0
-1
0
1
0
0
1
0
0
0
0
0
0
0
0
0
0
1
-1
0
-1
0
0
-1
0
0
0
0
-1
0
0
0
0
0
1
0
0
0
0
0
0
0
-1
0
0
0
0
0
0
-1
0
0
0
0
0
0
-1
0
-1
0
0
0
0
1
0
0
0
0
0
0
0
0
0
0
0
0
1
0
0
0
0
1
0
-1
0
1
0
0
0
0
0
0
0
-1
-1
0
0
0
1
0
-1
0
0
-1
0
0
0
-1
0
0
1
0
0
0
0
0
0
1
0
0
0
0
1
0
0
0
1
1
0
0
0
0
0
0
1
0
1
0
0
0
1
0
0
0
-1
1
1
0
-1
0
0
0
0
0
0
0
0
0
0
0
1
0
1
0
0
0
0
0
-1
0
1
0
0
-2
-3
-4
-6
-6
-7
-8
-7
-6
-9
-9
-13
-21
-26
-32
-45
-55
-57
-56
-43
-36
-29
-7
13
44
81
109
135
151
130
124
158
194
206
178
195
286
319
274
275
298
306
283
140
2
-30
-139
-310
-391
-543
-694
-738
-803
-802
-684
-632
-566
-361
-97
236
512
619
707
780
788
816
775
643
494
259
78
62
45
-9
43
108
154
227
194
176
144
30
-157
-413
-594
-706
-825
-1051
-1224
-1269
-1231
-1037
-908
-688
-243
59
250
559
768
850
836
583
360
258
209
281
264
75
295
747
856
1001
1244
1329
1498
1538
1153
864
544
-228
-892
-1346
-1952
-2524
-2752
-2726
-2552
-2138
-1625
-988
-71
1034
1866
2296
2615
2779
2798
2855
2571
2006
1731
1412
944
736
618
350
46
-259
-468
-491
-573
-796
-979
-1172
-1525
-1734
-1964
-2327
-2549
-2602
-2505
-2284
-1947
-1647
-1221
-686
-290
-53
188
497
695
642
569
544
237
-109
-306
-406
-176
263
365
418
972
1723
2187
2507
2624
2411
2354
2211
1675
1241
844
132
-479
-1074
-1830
-2463
-2753
-2959
-3112
-2941
-2691
-2329
-1741
-975
-339
165
1008
1768
2143
2483
2502
2063
1853
1698
1234
843
295
-298
-401
-633
-1306
-1482
-1394
-1629
-1728
-1686
-1516
-1232
-1210
-1155
-908
-795
-738
-805
-959
-766
-455
-492
-409
-106
63
423
687
563
885
1474
1482
1349
1265
1071
1283
1494
1347
1369
1646
2155
2663
2808
3018
3334
3555
3787
3489
2755
2322
1773
741
-105
-965
-2167
-2773
-2984
-3453
-3445
-3059
-2850
-2354
-1737
-1307
-732
-236
129
419
400
364
506
451
452
562
221
-106
-310
-701
-806
-792
-1131
-1401
-1524
-1567
-1479
-1604
-1936
-1998
-2006
-2322
-2593
-2677
-2576
-2312
-1960
-1671
-1221
-700
-304
94
497
1005
1361
1632
2281
2833
2781
2592
2460
2459
2886
3099
2748
2925
3634
3936
3976
4042
4014
3944
3611
2830
1913
1060
228
-720
-1530
-2143
-2880
-3580
-4022
-4541
-4922
-4772
-4531
-4185
-3480
-2791
-2198
-1456
-769
-218
310
579
686
813
880
822
488
197
187
-21
-406
-593
-832
-1109
-1204
-1321
-1390
-1285
-1408
-1489
-1179
-898
-731
-719
-741
-579
-370
-250
107
548
1020
1661
2078
2548
3164
3423
3620
3895
3729
3426
3142
2759
2590
2531
2074
1621
1724
1775
1757
1657
1263
1266
1565
1438
916
398
-119
-821
-1887
-2993
-3683
-4340
-4903
-5254
-5605
-5441
-4856
-4449
-3668
-2415
-1441
-545
324
789
1278
1742
1763
1830
1919
1763
1624
1336
956
832
554
8
-306
-434
-548
-646
-860
-1087
-1186
-1384
-1425
-1330
-1508
-1592
-1465
-1183
-535
81
429
1100
1793
2171
2565
2921
3219
3520
3532
3222
2932
2656
2239
1661
1187
1098
1049
543
89
178
449
596
499
329
415
483
207
-127
-312
-498
-946
-1672
-2270
-2662
-3166
-3632
-3856
-4001
-4021
-3909
-3949
-3804
-3119
-2282
-1493
-678
190
1138
1787
2000
2072
1991
1769
1341
717
303
79
-254
-591
-797
-981
-1204
-1370
-1411
-1267
-1076
-1021
-922
-500
96
579
887
1167
1385
1358
1391
1742
2133
2412
2668
2887
3200
3382
3124
2830
2642
2246
1632
931
72
-650
-1055
-1314
-1299
-1164
-1033
-525
96
534
964
1102
1280
1830
2048
1819
1426
632
-195
-851
-1776
-2668
-3294
-3844
-4097
-4058
-4067
-3895
-3380
-2676
-1810
-967
-327
149
511
762
939
1008
1021
1009
829
482
60
-382
-737
-935
-1002
-822
-447
-197
-1
228
464
645
624
548
742
1031
1139
1177
1166
1344
1754
2034
2175
2271
2318
2386
2302
1969
1644
1380
986
499
-36
-681
-1324
-2049
-2632
-2648
-2312
-2188
-2138
-1475
-366
568
1143
1609
2257
2864
2986
2692
2315
1918
1121
-15
-1013
-1804
-2479
-2991
-3342
-3522
-3393
-3178
-2950
-2390
-1561
-782
-161
234
423
540
476
74
-408
-789
-1131
-1398
-1480
-1246
-822
-411
-17
427
815
1006
1023
902
801
668
279
-45
-46
3
-97
-237
-152
83
309
485
752
1137
1371
1440
1469
1543
1566
1368
973
598
91
-611
-1158
-1476
-1642
-1489
-863
-70
546
1243
2210
3060
3536
3634
3618
3758
3772
3237
2517
1919
1176
215
-738
-1682
-2646
-3376
-3921
-4316
-4363
-4302
-4318
-4010
-3283
-2576
-2035
-1451
-975
-626
-148
192
293
608
1041
1258
1398
1658
1985
2054
1758
1484
1248
877
596
433
253
193
1
-488
-609
-439
-459
-640
-876
-1075
-1049
-988
-992
-726
-342
-76
238
484
576
590
383
144
-51
-372
-560
-501
-571
-583
-240
202
750
1335
1962
2902
3741
4034
4201
4476
4635
4660
4198
3265
2417
1417
25
-1420
-2827
-4130
-5082
-5696
-6044
-6029
-5789
-5342
-4626
-3865
-2972
-1969
-1171
-498
249
867
1331
1760
2061
2179
2080
1806
1508
1143
739
449
180
-181
-487
-631
-713
-841
-1020
-1089
-1049
-992
-878
-808
-781
-638
-525
-337
87
387
560
820
1060
1317
1567
1617
1727
1869
1806
1627
1300
946
728
530
251
-16
-47
282
684
875
1093
1655
2391
2790
2913
3024
3009
2778
2295
1664
922
-6
-1072
-2143
-3162
-4126
-4927
-5442
-5612
-5499
-5194
-4656
-3768
-2711
-1710
-769
118
857
1454
1797
1937
2005
1899
1713
1582
1260
871
711
467
162
14
40
224
292
137
44
26
-64
-198
-389
-575
-566
-504
-538
-398
-137
166
545
845
1139
1383
1554
1631
1533
1420
1351
1204
886
427
-35
-370
-695
-977
-1089
-1055
-860
-336
403
915
1405
2055
2583
2872
2874
2661
2415
2114
1600
1020
520
-32
-789
-1586
-2262
-2934
-3520
-3785
-3897
-3889
-3563
-3174
-2671
-2023
-1520
-1016
-412
76
327
494
662
722
557
233
-21
-263
-495
-572
-598
-520
-295
-36
197
313
351
459
677
864
896
790
630
469
220
46
85
103
131
212
159
134
291
464
621
714
654
659
718
449
29
-221
-394
-601
-858
-1077
-1105
-825
-367
54
406
878
1631
2357
2676
2634
2568
2612
2476
1953
1248
662
140
-567
-1391
-2089
-2720
-3140
-3309
-3528
-3425
-2908
-2441
-1990
-1536
-1316
-1027
-480
-46
442
975
1316
1593
1917
2132
2345
2515
2418
2181
1886
1582
1418
1391
1266
1045
652
344
246
31
-255
-523
-780
-962
-1082
-1332
-1535
-1456
-1335
-1417
-1521
-1429
-1166
-775
-463
-388
-428
-346
-206
-80
81
224
248
275
333
265
260
233
259
481
697
1078
1586
1863
1934
1859
1686
1571
1528
1381
1089
721
236
-336
-880
-1458
-2236
-2920
-3289
-3512
-3553
-3344
-3022
-2554
-1881
-1169
-342
502
1114
1626
1941
2101
2318
2454
2595
2614
2397
2195
2024
1855
1608
1233
758
229
-375
-1126
-1738
-1921
-2045
-2262
-2365
-2410
-2388
-2130
-1930
-1933
-1869
-1869
-1802
-1465
-1057
-744
-355
20
98
279
626
847
1071
1228
1221
1245
1226
1127
1047
976
843
659
601
659
727
823
1154
1666
1885
2049
2359
2492
2459
2181
1663
1204
770
172
-415
-997
-1553
-1998
-2332
-2554
-2659
-2583
-2440
-2237
-1815
-1283
-719
-81
437
982
1369
1471
1425
1277
1183
913
601
316
57
-205
-550
-765
-868
-1133
-1430
-1563
-1653
-1655
-1499
-1239
-887
-502
-313
-123
221
460
661
829
820
820
850
843
964
1038
1096
1276
1296
1135
1038
1055
1043
989
858
787
849
763
586
552
674
734
682
708
865
1079
1120
1062
995
987
1001
861
602
239
-157
-602
-1194
-1998
-2781
-3302
-3658
-3980
-4159
-4167
-3914
-3390
-2874
-2307
-1632
-893
-241
268
753
1211
1471
1641
1782
1758
1540
1165
801
486
148
-177
-471
-638
-555
-304
28
272
490
707
811
766
600
400
241
105
-256
-755
-1069
-1195
-1257
-1228
-1055
-805
-473
-45
444
934
1335
1605
1799
1856
1811
1781
1709
1522
1177
882
744
688
568
496
714
982
1054
1111
1232
1420
1530
1236
728
358
-101
-620
-1159
-1905
-2600
-3169
-3643
-3849
-3800
-3651
-3281
-2660
-2056
-1374
-429
451
1173
1727
2014
2177
2242
2105
1885
1657
1272
905
616
446
328
188
76
101
171
204
284
272
233
124
10
-50
-48
-205
-402
-444
-660
-923
-844
-602
-345
69
446
804
1156
1428
1536
1553
1447
1089
634
246
-127
-574
-996
-1354
-1633
-1794
-1836
-1855
-1728
-1350
-788
-169
443
1000
1455
1800
1758
1553
1338
900
238
-465
-1143
-1767
-2176
-2427
-2422
-2076
-1674
-1261
-689
-152
342
829
1233
1655
1931
1971
2041
1978
1633
1240
764
225
-124
-322
-594
-685
-589
-501
-242
3
112
193
249
149
-28
-187
-410
-600
-858
-1103
-1353
-1580
-1685
-1631
-1397
-1146
-817
-456
-133
107
325
585
728
659
396
22
-280
-502
-709
-734
-589
-356
-122
96
355
700
1092
1434
1704
2011
2380
2636
2705
2515
2217
1787
1129
371
-422
-1149
-1745
-2162
-2380
-2375
-2197
-1971
-1772
-1608
-1405
-1067
-645
-228
332
847
1236
1504
1660
1844
1978
1858
1448
1033
594
216
83
98
126
167
137
53
29
11
-105
-214
-262
-342
-382
-290
-268
-335
-478
-679
-904
-1151
-1365
-1573
-1659
-1622
-1361
-1088
-694
-301
-4
265
402
550
711
905
953
1009
1130
1210
1183
1281
1452
1540
1727
1848
1865
1898
1810
1541
1308
955
448
-36
-577
-1256
-1940
-2579
-3064
-3394
-3639
-3718
-3512
-3090
-2497
-1733
-865
110
1084
1902
2548
2972
3155
3169
2956
2551
1992
1413
815
214
-316
-788
-1133
-1371
-1551
-1656
-1594
-1500
-1337
-984
-685
-545
-553
-756
-974
-1131
-1409
-1649
-1667
-1606
-1508
-1360
-1096
-574
-40
255
553
834
930
937
832
784
893
908
856
917
1025
1079
1088
1037
973
990
1047
1211
1436
1713
2009
2178
2145
1935
1546
928
235
-525
-1279
-1885
-2283
-2467
-2426
-2250
-1990
-1662
-1340
-991
-570
-91
423
830
1073
1242
1232
1073
835
498
23
-451
-789
-1046
-1048
-878
-648
-358
-60
126
317
552
696
800
849
911
936
871
775
744
639
395
75
-246
-427
-515
-519
-420
-208
-104
-100
-83
-135
-233
-413
-631
-764
-708
-624
-532
-291
-23
198
290
361
499
746
1105
1446
1784
2098
2338
2351
2133
1750
1170
503
-229
-897
-1517
-1964
-2206
-2295
-2205
-2078
-1888
-1656
-1283
-990
-762
-541
-299
64
378
661
824
897
838
606
316
-20
-341
-707
-957
-1061
-1067
-899
-648
-331
4
276
379
326
192
-6
-180
-319
-387
-316
-162
-116
-211
-383
-636
-831
-918
-964
-919
-818
-695
-537
-327
-102
52
178
287
425
559
668
793
953
1189
1401
1521
1612
1694
1676
1632
1595
1591
1661
1571
1279
901
422
-159
-637
-1010
-1188
-1171
-1227
-1217
-1129
-1043
-1011
-984
-984
-851
-584
-350
-2
379
709
945
1093
1086
992
745
329
32
-186
-351
-425
-361
-230
-125
-127
-188
-209
-281
-372
-413
-331
-142
53
159
253
366
328
251
81
-151
-325
-549
-751
-914
-915
-880
-810
-705
-601
-314
-123
31
191
390
628
842
1057
1324
1695
1871
2030
2163
2224
2187
1999
1739
1423
1126
642
185
-252
-713
-1140
-1577
-1959
-2231
-2341
-2449
-2334
-2046
-1741
-1431
-1174
-936
-723
-558
-457
-248
-2
261
517
713
846
893
799
582
385
143
-63
-172
-219
-187
-67
61
242
465
597
679
674
520
379
262
109
-54
-249
-366
-429
-516
-669
-789
-899
-1071
-1258
-1433
-1510
-1579
-1605
-1498
-1276
-1016
-668
-275
124
539
861
1143
1412
1671
1804
1884
1905
1818
1729
1574
1396
1165
885
570
234
-101
-404
-588
-749
-856
-895
-913
-901
-837
-740
-560
-369
-259
-121
-11
60
106
137
121
88
85
93
165
244
271
378
449
401
388
361
326
298
249
168
137
76
-12
-22
-54
-91
-129
-162
-227
-302
-390
-456
-440
-462
-480
-480
-469
-457
-466
-425
-328
-129
60
293
577
882
1179
1386
1577
1788
1919
1924
1926
1839
1721
1592
1338
1019
687
246
-183
-521
-878
-1194
-1414
-1587
-1672
-1707
-1755
-1692
-1603
-1490
-1299
-1121
-982
-798
-600
-426
-209
-47
92
278
409
454
492
453
356
282
69
-124
-233
-379
-445
-413
-444
-471
-465
-505
-482
-446
-444
-396
-277
-234
-188
-128
-129
-72
-48
-126
-167
-232
-401
-514
-598
-664
-616
-534
-421
-247
-79
73
270
462
623
779
949
1119
1277
1416
1513
1605
1667
1648
1512
1347
1089
730
370
6
-315
-597
-749
-821
-846
-780
-724
-663
-642
-642
-585
-522
-477
-362
-185
-5
161
273
319
317
235
51
-56
-141
-309
-398
-410
-369
-208
-108
-81
-29
-89
-228
-333
-427
-528
-546
-528
-527
-436
-324
-202
-46
34
50
106
128
150
254
348
414
469
500
555
630
673
726
835
934
1044
1207
1445
1754
2009
2185
2340
2405
2325
2088
1746
1361
935
461
-32
-479
-923
-1315
-1633
-1915
-2107
-2194
-2246
-2190
-2056
-1929
-1666
-1407
-1124
-794
-559
-383
-281
-268
-302
-290
-349
-425
-495
-679
-790
-813
-864
-785
-623
-541
-429
-296
-236
-198
-225
-311
-334
-324
-372
-303
-142
-41
110
293
529
808
997
1075
1078
1031
981
991
969
851
711
539
415
333
301
350
456
559
589
736
930
1109
1246
1279
1304
1299
1171
944
706
367
-48
-516
-981
-1322
-1587
-1800
-1830
-1738
-1638
-1438
-1149
-937
-679
-421
-303
-153
-80
-106
-94
-126
-281
-449
-618
-809
-947
-1053
-1145
-1099
-1026
-956
-765
-593
-451
-261
-84
58
212
313
391
494
554
591
654
745
847
1032
1271
1459
1639
1812
1951
1929
1791
1600
1414
1254
1054
820
540
289
98
-28
-54
15
80
177
391
615
807
909
1004
1022
944
860
680
446
162
-189
-569
-832
-1102
-1395
-1576
-1716
-1781
-1744
-1644
-1523
-1257
-1017
-884
-697
-541
-462
-392
-359
-413
-521
-687
-817
-873
-851
-873
-850
-753
-629
-420
-193
-33
85
228
339
411
483
509
488
523
480
430
447
473
499
582
589
594
717
733
751
810
770
644
581
503
353
197
2
-135
-201
-306
-326
-243
-184
-75
96
233
368
490
558
696
745
650
510
240
-76
-376
-650
-887
-1087
-1301
-1421
-1383
-1291
-1082
-820
-597
-384
-180
-76
-4
51
78
74
-23
-140
-253
-421
-612
-731
-802
-789
-701
-617
-531
-415
-305
-176
-47
-9
27
138
253
343
416
394
351
312
207
154
200
234
271
360
429
468
600
653
645
645
612
652
688
714
714
734
734
714
742
792
859
916
1004
1144
1303
1425
1494
1456
1328
1147
838
492
160
-219
-546
-815
-1034
-1152
-1223
-1244
-1192
-1048
-851
-671
-493
-358
-267
-189
-152
-202
-246
-298
-454
-578
-710
-828
-790
-763
-762
-705
-656
-612
-532
-444
-335
-206
-128
-21
68
110
172
144
79
8
-101
-221
-252
-266
-227
-79
14
164
394
564
696
843
901
911
880
712
632
610
509
467
449
384
344
289
229
201
132
-3
-130
-277
-441
-545
-662
-780
-860
-942
-1067
-1140
-1228
-1325
-1301
-1290
-1314
-1285
-1157
-961
-727
-484
-307
-143
24
154
235
316
437
530
571
572
506
440
416
334
275
266
249
257
323
363
420
460
422
411
429
439
432
419
363
310
284
284
340
409
466
584
705
771
851
901
910
931
899
783
675
556
457
391
274
150
42
-38
-45
39
90
169
256
233
208
131
0
-82
-189
-398
-523
-682
-885
-966
-1080
-1160
-1143
-1158
-1174
-1068
-1010
-869
-616
-494
-373
-148
-30
66
195
144
128
97
-81
-231
-329
-488
-523
-529
-572
-461
-319
-222
-9
261
424
674
813
811
833
739
575
496
374
258
271
252
300
481
582
689
860
898
854
825
701
594
550
351
180
74
-142
-257
-317
-451
-458
-418
-412
-352
-307
-314
-282
-340
-474
-501
-612
-717
-786
-946
-990
-885
-928
-953
-879
-967
-923
-748
-740
-623
-456
-461
-329
-80
109
426
762
928
1126
1234
1092
999
878
631
541
419
209
187
160
159
322
359
319
367
274
154
122
-64
-246
-315
-454
-519
-471
-568
-592
-509
-562
-467
-278
-201
-5
172
106
130
180
115
185
178
-6
15
82
54
211
302
297
435
502
396
459
464
357
364
298
205
225
140
58
114
25
-26
-40
-142
-189
-231
-379
-461
-576
-677
-519
-439
-417
-212
-118
-86
172
329
457
691
635
505
502
392
348
391
245
236
308
221
268
270
71
17
-14
-190
-123
-14
-135
-92
-27
-171
-140
-169
-365
-356
-468
-724
-780
-830
-900
-737
-580
-536
-324
-210
-92
189
359
540
804
957
1054
1178
1178
1167
1199
1063
955
840
535
222
-66
-419
-724
-1005
-1275
-1429
-1582
-1711
-1701
-1675
-1581
-1339
-1158
-853
-478
-233
6
248
341
356
414
341
275
305
188
39
16
-43
-44
140
250
366
510
551
454
390
334
191
96
0
-93
-120
-33
-7
97
250
327
363
423
385
302
319
247
204
245
185
123
158
109
45
109
91
86
210
223
275
423
419
369
452
476
501
682
711
670
647
474
246
97
-116
-314
-383
-512
-639
-672
-658
-685
-553
-392
-306
-97
70
50
85
183
119
122
192
56
-70
-101
-295
-393
-314
-432
-487
-389
-451
-476
-362
-426
-404
-235
-294
-330
-307
-453
-485
-435
-575
-568
-477
-566
-542
-404
-387
-290
-119
-90
9
101
120
178
235
248
301
468
606
756
880
994
1112
1194
1259
1289
1323
1320
1274
1208
1116
984
820
646
503
317
105
-89
-342
-589
-817
-1010
-1189
-1266
-1319
-1360
-1241
-1111
-916
-622
-376
-219
-55
52
84
89
32
-8
-53
-129
-116
-98
-155
-173
-243
-326
-295
-331
-380
-311
-294
-366
-299
-271
-331
-250
-262
-327
-277
-347
-411
-293
-239
-237
-109
-20
-20
106
174
265
441
514
576
671
712
693
667
689
706
735
793
856
890
878
936
904
884
859
708
595
534
384
273
198
-38
-246
-323
-501
-584
-542
-649
-643
-542
-608
-528
-335
-327
-249
-160
-237
-271
-328
-465
-459
-482
-623
-645
-644
-736
-708
-666
-636
-508
-423
-338
-159
-125
-120
10
31
68
186
199
269
429
420
501
688
670
706
804
710
707
710
570
523
457
292
260
249
183
234
277
234
272
240
187
279
267
254
381
408
393
449
397
332
284
67
-123
-239
-466
-677
-799
-981
-1079
-1092
-1140
-1067
-1003
-1008
-929
-825
-764
-644
-543
-541
-498
-491
-483
-380
-334
-282
-153
-136
-127
-21
-13
13
143
187
265
482
567
635
759
711
682
695
599
563
566
442
367
335
215
177
158
14
-22
11
-46
22
88
55
149
204
138
139
124
-48
-120
-152
-244
-157
-61
-33
115
208
207
316
391
390
450
466
447
445
367
251
183
21
-140
-251
-412
-470
-461
-498
-485
-412
-417
-326
-202
-184
-77
6
-80
-47
-30
-108
-86
-127
-259
-303
-356
-415
-324
-315
-344
-234
-172
-144
-12
40
84
228
294
319
426
398
316
333
268
244
292
269
250
251
146
88
127
125
162
222
206
202
192
94
37
-23
-150
-194
-205
-237
-230
-217
-234
-222
-206
-178
-88
26
122
128
112
80
9
-35
-66
-135
-202
-233
-300
-289
-197
-156
-96
-32
-30
53
153
175
209
246
198
155
97
38
10
-57
-143
-201
-282
-330
-308
-344
-380
-401
-424
-378
-212
-112
-7
108
92
131
210
213
229
251
157
132
147
31
-9
48
-4
-23
13
-9
96
162
45
24
49
2
69
155
128
157
125
57
95
141
118
129
163
115
136
174
199
217
191
144
145
155
121
45
-24
-44
-112
-195
-237
-293
-350
-343
-366
-311
-183
-63
50
130
193
238
253
218
213
205
186
176
86
9
-24
-128
-198
-162
-209
-283
-258
-274
-239
-64
17
71
210
271
292
316
245
119
77
-9
-55
-33
-7
54
73
64
73
126
139
119
99
43
-21
-12
-26
-123
-177
-271
-367
-360
-322
-371
-348
-284
-301
-261
-191
-146
-78
45
79
186
271
220
167
60
-24
-72
-131
-186
-179
-178
-136
-128
-147
-77
-11
43
61
151
180
186
229
170
123
151
90
48
93
13
16
57
5
31
132
167
227
311
288
298
288
159
67
16
-98
-155
-109
-178
-214
-159
-148
-92
11
34
0
114
175
185
241
256
231
125
16
-85
-152
-177
-232
-265
-282
-344
-401
-399
-402
-353
-300
-313
-267
-204
-146
-58
3
-5
12
-3
-61
-21
42
48
55
49
35
117
177
201
296
317
287
287
273
268
279
242
179
188
154
151
207
135
89
79
2
2
76
45
90
162
102
87
114
73
42
84
46
-8
-78
-160
-190
-188
-168
-145
-102
-126
-118
-61
-5
54
55
2
-55
-33
-73
-82
6
-28
-40
-43
-139
-208
-174
-202
-246
-185
-173
-199
-110
-10
3
100
110
41
76
85
64
94
76
1
-7
-19
-45
-58
-75
-107
-107
-120
-78
4
6
42
34
-34
-32
20
62
79
33
-9
-31
-70
-70
-80
-120
-176
-183
-135
-63
31
101
166
221
239
224
217
206
212
226
186
143
84
16
-31
-41
-24
25
72
127
165
158
130
92
78
67
18
-41
-130
-247
-316
-300
-307
-321
-286
-298
-254
-187
-199
-182
-128
-159
-178
-182
-234
-204
-154
-148
-112
-64
-69
-32
47
44
57
111
77
106
147
86
93
127
95
165
248
263
385
477
477
534
519
389
338
249
163
220
208
151
219
256
236
286
267
251
284
296
234
192
151
25
-7
-24
-22
17
32
12
49
47
-29
-82
-215
-299
-351
-412
-409
-349
-353
-379
-368
-473
-534
-532
-571
-563
-517
-534
-492
-408
-465
-437
-387
-402
-370
-355
-412
-376
-276
-238
-139
-112
-129
-82
-36
-10
102
191
203
264
305
375
500
548
520
543
503
430
431
420
427
472
500
530
542
548
590
585
510
428
317
209
166
107
59
111
138
126
167
131
41
12
-91
-202
-219
-301
-318
-254
-293
-315
-275
-340
-398
-393
-530
-580
-558
-663
-642
-538
-577
-525
-459
-544
-484
-445
-510
-423
-401
-474
-384
-321
-352
-192
-83
-95
64
157
146
288
335
277
426
480
454
627
716
705
821
805
752
819
785
700
712
641
587
676
666
660
678
571
453
406
289
206
167
57
31
65
80
143
206
195
175
76
-105
-202
-317
-459
-492
-489
-501
-476
-472
-511
-549
-601
-695
-788
-897
-1001
-1036
-1037
-978
-827
-677
-551
-462
-445
-434
-443
-503
-539
-504
-442
-354
-218
-99
9
134
258
325
357
397
367
370
422
459
535
639
669
646
638
543
481
504
543
670
770
743
690
635
517
464
449
352
257
172
63
11
49
45
28
59
24
-24
-19
-51
-113
-138
-239
-351
-379
-412
-470
-465
-474
-525
-477
-440
-416
-364
-374
-400
-374
-332
-351
-322
-327
-361
-329
-321
-312
-323
-336
-331
-263
-200
-154
-3
81
145
241
272
235
197
140
67
74
64
82
110
137
250
400
535
698
802
830
836
782
645
457
262
78
-5
-19
20
99
181
240
269
311
314
327
293
191
89
-47
-202
-350
-455
-533
-534
-477
-404
-285
-215
-180
-135
-139
-166
-183
-209
-280
-361
-460
-585
-650
-638
-546
-376
-136
87
260
390
387
279
156
40
-58
-104
-139
-116
-8
134
295
447
537
563
580
583
545
465
349
220
125
27
-81
-160
-172
-87
70
255
365
420
359
195
9
-178
-309
-414
-495
-527
-487
-428
-327
-160
-30
117
249
274
266
214
30
-200
-438
-683
-821
-878
-858
-757
-578
-340
-104
74
192
200
105
0
-129
-239
-301
-396
-453
-447
-450
-391
-241
-55
162
345
481
572
550
439
323
165
43
-22
-40
10
71
165
297
459
573
664
729
754
795
732
609
495
330
160
15
-81
-112
-50
57
149
272
351
360
311
221
127
42
-31
-127
-216
-307
-386
-420
-411
-364
-310
-271
-247
-234
-199
-186
-218
-277
-354
-415
-480
-474
-414
-359
-268
-168
-117
-84
-37
-17
22
64
82
103
108
106
84
38
14
9
14
61
86
107
143
168
182
181
189
160
103
83
67
89
166
253
332
358
340
296
264
203
155
149
139
177
226
225
246
251
225
210
163
87
23
-22
-84
-136
-188
-228
-251
-278
-302
-327
-326
-308
-312
-336
-347
-312
-306
-336
-365
-386
-408
-458
-496
-556
-560
-549
-542
-483
-414
-317
-230
-178
-139
-108
-104
-76
-61
-95
-122
-121
-108
-63
20
123
247
314
347
376
372
377
393
428
460
490
521
511
489
493
512
536
546
551
542
522
492
434
396
373
320
256
222
223
217
250
249
222
210
173
130
82
30
-13
-40
-87
-108
-120
-134
-161
-202
-221
-235
-244
-251
-298
-380
-470
-542
-619
-659
-675
-671
-630
-602
-533
-459
-417
-400
-414
-434
-463
-474
-455
-427
-381
-358
-349
-283
-191
-77
25
78
152
211
227
237
231
217
215
226
272
371
464
517
576
630
651
671
684
650
579
534
483
443
450
470
484
467
434
419
420
397
350
323
279
220
151
64
-15
-67
-86
-82
-50
-28
-59
-130
-221
-299
-375
-435
-493
-581
-651
-673
-652
-599
-532
-473
-422
-417
-423
-429
-455
-470
-500
-522
-496
-435
-391
-334
-271
-222
-139
-66
7
68
90
88
94
65
27
12
-22
-45
-46
-17
41
143
234
310
383
411
414
384
330
264
179
110
70
94
125
163
214
253
297
336
354
339
311
266
227
147
84
36
-41
-65
-57
-43
-24
3
19
30
47
47
49
54
26
-34
-84
-117
-155
-165
-162
-138
-92
-39
24
99
130
129
102
22
-30
-99
-183
-240
-249
-215
-145
-48
26
133
217
228
241
229
168
106
34
-34
-48
-80
-147
-165
-148
-83
21
93
153
183
164
95
33
-34
-93
-110
-136
-144
-107
-69
-47
-42
-50
4
105
167
175
158
131
89
42
-22
-106
-216
-322
-353
-320
-242
-122
-9
69
150
188
160
104
7
-81
-126
-180
-239
-302
-345
-320
-270
-200
-116
-15
104
174
183
150
90
12
-33
-88
-153
-157
-150
-124
-66
-7
43
117
179
219
247
242
227
189
148
121
74
15
-30
-51
-31
27
69
99
138
145
146
96
37
16
-15
-33
-60
-83
-100
-135
-140
-167
-174
-165
-150
-87
-14
54
42
2
-34
-106
-164
-204
-191
-146
-115
-61
-16
8
27
40
45
58
58
39
66
79
73
96
99
101
104
126
180
239
247
263
260
221
211
148
86
54
16
-17
-35
-19
19
92
138
144
148
121
124
96
40
-33
-81
-100
-120
-87
-93
-122
-126
-106
-86
-68
-7
40
58
77
66
62
67
13
-55
-107
-151
-143
-108
-83
-42
-23
-3
40
47
50
40
-25
-96
-148
-176
-184
-174
-159
-145
-119
-82
-25
-4
-2
-10
-33
-33
-31
-40
-85
-98
-94
-96
-69
-61
-61
-47
-34
-10
7
2
15
7
-25
-49
-55
-62
-58
-67
-50
18
78
116
134
162
157
143
114
82
64
45
23
37
72
73
78
83
79
77
73
23
-23
-56
-85
-69
-49
-20
21
59
64
55
59
53
27
-32
-59
-102
-138
-108
-72
-24
15
24
36
36
11
-17
-40
-65
-69
-49
-44
-29
-29
-45
-22
-9
11
18
15
31
29
28
28
48
49
35
13
12
26
29
28
36
36
72
91
61
60
23
-11
-5
2
23
71
98
105
111
104
81
49
37
34
18
-26
-21
-8
-10
26
64
103
105
89
59
40
31
28
14
-33
-12
26
36
44
39
10
-5
-43
-79
-65
-67
-61
-67
-69
-67
-69
-92
-106
-110
-135
-126
-114
-144
-144
-122
-123
-101
-88
-97
-71
-44
-47
-48
-23
-38
-49
-54
-55
-36
-26
3
26
61
90
108
114
90
55
24
-3
-16
-26
-31
10
54
82
120
126
103
89
46
13
-18
-61
-72
-94
-123
-105
-65
-25
28
65
75
91
73
18
-21
-53
-71
-67
-77
-59
-48
-68
-65
-74
-66
-49
-31
-33
-53
-59
-66
-60
-61
-66
-65
-40
-22
20
57
80
101
71
43
43
67
83
109
109
97
107
105
113
108
114
133
127
76
41
26
36
69
96
122
114
83
58
57
49
29
23
30
40
35
43
40
41
43
21
18
-9
-41
-54
-53
-41
-25
-32
-34
-37
-42
-20
-5
25
20
-4
-22
-47
-68
-78
-82
-87
-98
-114
-91
-77
-70
-56
-77
-90
-110
-123
-110
-65
-10
35
85
93
64
34
-5
-7
9
17
28
19
1
-11
-18
-30
-34
-64
-91
-85
-62
-49
-55
-28
-21
-9
12
10
9
19
25
11
-7
-30
-44
-60
-54
-30
0
24
50
71
76
78
53
20
-5
-10
-21
8
54
90
112
102
62
1
-16
-38
-59
-61
-53
-50
-33
-8
16
18
-13
-31
-40
-25
-12
-6
-20
-41
-34
-47
-34
-10
-8
-22
-39
-38
-28
2
5
8
-12
-30
-19
3
45
59
55
70
83
48
35
42
36
44
43
44
68
83
55
35
22
6
-4
-26
-30
7
37
50
65
58
28
-7
-44
-48
-33
-7
19
28
36
30
36
42
41
42
15
-4
-2
13
45
72
76
54
40
60
64
59
56
39
19
-5
-10
-15
8
6
-22
-45
-35
2
34
63
49
25
8
-26
-49
-49
-62
-64
-78
-108
-107
-99
-96
-97
-95
-97
-76
-67
-77
-84
-108
-123
-136
-133
-92
-61
-35
-15
3
0
-30
-2
25
27
43
48
48
68
72
76
90
107
125
121
84
41
-6
-29
-22
-27
-24
-11
31
32
11
-15
-25
-8
-26
-26
-34
-47
-77
-132
-135
-127
-102
-70
-41
-23
-6
8
11
8
-33
-73
-95
-102
-97
-80
-32
11
49
64
71
91
77
66
61
67
71
67
70
50
42
38
44
63
90
122
149
156
123
78
47
26
-16
-41
-10
40
58
49
39
49
44
24
6
17
39
35
43
35
32
34
46
40
12
6
-14
-37
-67
-93
-109
-116
-124
-118
-66
-18
18
46
43
36
51
41
7
-7
3
27
30
13
21
9
-20
-29
-15
9
33
57
47
43
18
-24
-43
-52
-58
-54
-36
-38
-52
-50
-50
-68
-69
-58
-38
-17
-14
-10
-10
-13
-22
-28
-27
-31
-46
-76
-87
-87
-38
20
43
51
54
76
103
103
78
82
71
22
-18
-49
-71
-88
-75
-59
-29
-10
-5
-13
-45
-56
-59
-43
-35
-32
-48
-70
-108
-133
-125
-119
-104
-72
-31
-19
-11
-19
-24
-10
-11
6
43
76
105
124
124
130
125
115
85
57
37
21
13
2
1
18
55
77
73
67
70
58
35
4
1
5
-5
-19
-38
-45
-43
-34
-10
9
14
23
26
22
11
-13
-24
-21
-1
12
28
21
36
55
56
62
55
69
60
52
34
41
82
86
80
54
38
10
-15
-20
3
16
19
34
-4
-39
-76
-98
-97
-72
-34
4
13
-8
8
16
9
3
12
3
-12
3
14
35
47
43
27
9
0
-15
-23
-38
-42
-43
-63
-71
-72
-82
-109
-124
-124
-107
-79
-47
-27
-37
-51
-68
-71
-49
-14
12
26
55
87
88
80
62
54
61
55
77
90
78
61
55
37
29
23
8
6
-19
-34
-25
-24
-38
-61
-89
-128
-153
-168
-186
-184
-207
-229
-205
-170
-127
-108
-118
-128
-141
-116
-81
-70
-37
-6
-2
-8
-7
5
26
16
14
41
67
101
148
205
231
249
262
245
196
138
110
103
107
125
184
217
222
215
184
146
116
102
67
57
47
26
19
-6
-21
-37
-38
-36
-11
-11
-37
-39
-49
-77
-85
-67
-67
-52
-37
-26
6
10
-6
-22
-49
-65
-73
-84
-78
-67
-71
-57
-18
6
34
26
-17
-44
-43
-30
-17
20
-1
-14
-12
-45
-32
-47
-58
-50
-58
-77
-78
-60
-67
-48
-65
-50
-26
-23
9
0
2
-8
7
39
72
118
116
133
128
124
144
159
188
189
155
107
94
67
27
-2
-44
-49
-36
-49
-62
-92
-103
-93
-94
-70
-65
-110
-162
-196
-223
-244
-243
-220
-194
-174
-158
-154
-146
-137
-127
-113
-91
-67
-56
-15
31
81
125
131
151
150
141
156
190
190
169
166
181
198
198
206
210
220
191
151
112
62
16
11
-7
-39
-64
-112
-103
-130
-132
-133
-151
-162
-180
-169
-186
-158
-140
-123
-124
-143
-148
-193
-179
-155
-111
-53
-38
1
40
81
98
122
165
176
202
182
176
187
173
184
210
229
189
186
150
112
129
98
91
114
117
130
104
55
3
-22
-9
-29
-31
-65
-53
-48
-58
-29
-36
-28
-55
-67
-75
-85
-80
-55
-5
2
23
44
51
35
32
55
29
17
-16
-45
-31
-9
23
1
-31
-57
-82
-112
-121
-106
-131
-91
-82
-81
-89
-146
-158
-154
-144
-158
-140
-139
-134
-79
-82
-72
-52
-58
-57
-68
-79
-26
36
37
76
109
130
179
176
156
157
157
153
169
170
137
147
122
78
62
14
-25
-32
-16
-4
47
47
13
15
-65
-105
-102
-135
-154
-158
-175
-176
-137
-137
-130
-129
-186
-181
-134
-118
-88
-67
-74
-72
-50
-47
-19
23
18
59
70
66
111
128
111
88
69
-1
-23
-32
-61
-35
-31
-8
46
73
79
109
137
117
142
152
145
161
149
162
155
166
175
178
168
117
102
82
95
106
106
121
143
174
155
125
73
36
-9
-64
-54
-46
-40
-43
-50
-66
-67
-63
-72
-55
-54
-57
-52
-57
-37
-28
-18
-33
-66
-77
-59
-43
-57
-30
-28
-41
-39
-78
-119
-163
-205
-208
-177
-145
-91
-34
-25
-17
-31
-73
-122
-183
-206
-212
-154
-70
-6
43
59
53
-4
-42
-86
-119
-105
-98
-52
24
78
109
122
69
6
-33
-73
-86
-42
-14
29
107
166
243
286
275
203
95
-28
-105
-115
-66
17
103
203
291
358
354
290
184
29
-99
-203
-244
-190
-84
30
114
144
114
49
-60
-152
-240
-282
-251
-182
-91
-1
75
89
96
57
-7
-73
-161
-245
-266
-235
-176
-48
68
158
228
228
145
23
-102
-189
-210
-190
-118
3
100
182
260
263
199
107
3
-92
-106
-85
-43
36
89
159
194
180
122
33
-25
-97
-139
-116
-50
41
144
198
212
215
155
58
-36
-109
-178
-180
-133
-74
38
138
213
242
169
58
-54
-142
-208
-205
-140
-62
24
83
132
123
93
36
-57
-132
-185
-201
-179
-133
-89
-25
27
43
20
-27
-83
-92
-76
-68
-62
-81
-70
-48
-31
-16
3
18
24
28
15
36
65
102
128
109
74
47
18
-11
-19
-46
-2
109
165
199
193
141
87
33
-26
-46
-51
-81
-62
-31
-5
52
73
52
53
9
-60
-87
-134
-171
-140
-136
-147
-129
-166
-211
-218
-254
-250
-188
-135
-37
47
57
70
72
31
-5
-21
-53
-62
-56
-61
2
50
89
169
190
184
200
160
107
76
9
-1
54
69
102
143
80
53
19
-83
-99
-114
-144
-77
9
68
151
182
173
177
92
-9
-40
-101
-165
-137
-106
-52
55
82
87
99
38
0
-9
-42
-31
20
34
85
129
112
142
110
52
24
-16
-61
-21
24
17
102
111
90
144
95
48
51
-36
-85
-12
-23
-23
27
-12
19
51
-29
-38
-41
-104
-72
-22
-38
21
58
26
61
54
7
11
-39
-137
-139
-147
-154
-31
19
19
48
-13
-68
-100
-184
-246
-208
-209
-105
23
-26
-4
-17
-110
-134
-154
-240
-240
-225
-297
-227
-169
-167
-69
-1
6
68
78
55
78
27
9
63
45
39
81
47
47
80
52
100
152
104
111
161
139
186
238
209
260
271
185
180
170
106
111
107
58
94
89
52
118
95
31
4
-102
-192
-175
-161
-103
8
23
57
113
59
-7
-37
-132
-171
-144
-166
-86
29
26
51
20
-130
-181
-245
-321
-235
-160
-132
-33
-17
-37
14
9
-33
-16
-57
-83
7
28
65
204
238
201
189
130
137
168
129
132
153
77
81
150
112
136
144
61
72
26
-77
-39
-71
-173
-150
-182
-208
-79
-66
-102
-54
-188
-291
-215
-244
-221
-104
-74
-7
88
49
79
149
68
85
121
55
124
163
63
137
149
47
135
128
67
149
80
-9
75
41
32
134
53
34
97
-4
-20
-10
-137
-137
-111
-200
-139
-67
-138
-96
-83
-141
-64
-65
-127
-80
-92
-139
-59
-77
-68
20
-54
-47
4
-75
-41
39
15
90
132
40
88
83
-21
49
76
29
94
84
-17
24
0
-72
-22
-66
-115
-69
-82
-67
10
-24
-42
-47
-99
-89
-89
-119
-82
-54
-75
-32
-17
-51
-14
-6
-11
50
73
77
140
125
120
188
169
161
210
163
112
126
77
48
84
64
59
103
96
97
112
101
116
110
111
112
68
42
-10
-87
-104
-109
-121
-79
-46
-82
-69
-45
-72
-55
-44
-51
-44
-76
-101
-108
-112
-87
-71
-81
-51
-26
-59
-34
-9
-9
45
57
12
10
4
-30
-12
-1
-20
10
11
10
49
33
25
42
21
3
19
23
50
60
46
52
15
-12
-16
-47
-60
-24
-29
-17
42
28
26
37
7
5
29
4
-4
-22
-69
-56
-59
-85
-74
-73
-58
9
12
24
60
45
51
43
-26
-38
-39
-116
-113
-85
-106
-50
-28
-58
-25
-26
-34
9
-11
-21
7
-15
-2
17
-16
13
4
-62
-70
-107
-158
-108
-89
-86
-14
24
52
105
84
70
81
44
35
20
-12
-1
11
6
58
94
99
126
109
96
115
89
80
89
36
38
66
66
121
158
161
190
171
114
117
92
28
33
-6
-62
-17
-29
-57
-37
-106
-149
-106
-133
-122
-67
-65
-38
-17
-20
-17
-12
-60
-79
-90
-127
-94
-64
-49
-4
4
-8
13
56
71
77
69
39
53
71
74
82
78
46
23
14
-15
-37
-41
-39
-34
-15
-5
19
44
0
-39
-38
-56
-68
-27
-51
-56
-4
-45
-32
-15
-89
-84
-71
-108
-92
-64
-84
-40
-2
-24
13
23
20
21
-40
-75
-34
-58
-48
38
10
26
49
0
29
55
20
50
83
59
89
65
7
23
-12
-44
3
-2
-24
15
-9
-10
38
1
-4
41
17
4
22
-53
-61
-12
-60
-38
3
-44
-34
15
-19
6
72
64
101
123
68
68
77
16
15
26
-28
-18
-22
-77
-44
-24
-24
33
45
1
9
-43
-104
-59
-76
-59
4
-12
-39
-30
-37
-25
2
-30
-10
29
13
10
33
42
61
87
72
102
140
119
124
119
42
13
-2
-38
-7
1
-52
-21
-5
-11
88
110
106
149
106
52
85
59
0
7
-28
-40
-12
-47
-49
-41
-88
-89
-47
-44
-20
3
-30
-58
-112
-141
-119
-88
-64
-65
-52
-60
-77
-97
-120
-108
-92
-90
-105
-86
-74
-40
5
11
75
128
168
181
124
97
113
117
79
81
90
61
47
4
-21
-37
2
44
43
46
41
47
27
-19
-79
-70
-85
-122
-90
-117
-162
-139
-149
-174
-113
-72
-69
-22
-56
-84
-39
-42
12
45
-7
9
43
-6
37
51
1
90
57
6
85
59
32
91
87
80
126
96
97
114
15
-11
4
-64
-81
-45
-91
-91
-60
-100
-11
53
-6
39
38
-34
39
50
-12
34
25
2
69
27
36
117
55
35
89
26
20
72
10
30
70
29
65
85
19
23
21
-9
61
110
113
158
160
127
137
85
8
19
-22
-69
-21
4
-10
20
-1
-56
-43
-86
-140
-141
-184
-192
-102
-101
-122
-92
-121
-119
-79
-128
-106
-65
-136
-88
-80
-152
-84
-45
-101
-43
-6
-15
58
52
28
90
65
50
104
43
24
98
79
92
137
91
116
131
26
35
38
-36
-10
-49
-97
-31
-54
-71
-7
-38
-16
58
15
22
50
-38
-22
-10
-125
-110
-35
-34
27
61
-8
34
64
36
66
38
-5
59
18
-41
-28
-121
-128
-56
-102
-88
-26
-93
-77
-16
-62
0
71
-3
22
47
-29
16
50
19
86
75
-10
6
-27
-71
-2
-38
-54
35
51
78
98
44
41
67
28
58
71
33
42
31
17
54
50
28
66
37
-7
47
33
7
57
52
77
138
107
58
86
51
28
58
19
-8
-8
-39
2
10
-29
10
3
-25
27
5
-50
-2
-66
-123
-85
-112
-111
-38
-40
-35
-10
-60
-28
1
-37
16
29
-47
-30
-9
-46
-15
-7
-63
-30
-38
-88
-36
-15
-21
-3
-52
-81
-54
-80
-75
-45
-77
-43
-3
-9
36
58
39
64
64
42
87
74
46
87
36
11
63
43
64
130
90
90
78
-12
-18
-16
-54
-27
-15
-51
-31
-49
-81
-61
-66
-75
-67
-88
-72
-34
-28
4
-2
-37
-34
-68
-106
-74
-87
-92
-50
-86
-68
-17
-26
-14
14
10
40
53
15
36
30
16
61
43
19
42
7
