0
0
0
1
0
0
0
0
0
1
0
0
0
0
0
0
0
-1
1
-1
0
-1
0
0
0
0
-1
0
0
0
0
0
0
0
0
0
1
0
0
0
0
0
0
0
0
0
0
0
0
0
0
-1
0
0
0
1
0
0
0
0
-1
0
-1
0
1
0
0
1
0
0
0
0
0
0
0
0
0
0
1
-1
0
-1
0
0
-1
0
0
0
0
-1
0
0
0
0
0
1
0
0
0
0
0
0
0
-1
0
0
0
0
0
0
-1
0
0
0
0
0
0
-1
0
-1
0
0
0
0
1
0
0
0
0
0
0
0
0
0
0
0
0
1
0
0
0
0
1
0
-1
0
1
0
0
0
0
0
0
0
-1
-1
0
0
0
1
0
-1
0
0
-1
0
0
0
-1
0
0
1
0
0
0
0
0
0
1
0
0
0
0
1
0
0
0
1
1
0
0
0
0
0
0
1
0
1
0
0
0
1
0
0
0
-1
1
1
0
-1
0
0
0
0
0
0
0
0
0
0
0
1
0
1
0
0
0
0
0
-1
0
1
0
0
-1
0
-1
-1
-1
-2
-3
-2
-2
-1
0
0
1
1
-1
-4
-6
-10
-14
-13
-9
-10
-7
-3
5
14
21
30
34
32
22
9
-4
-16
-24
-34
-36
-26
-2
21
46
68
82
91
88
88
81
55
6
-45
-77
-111
-130
-116
-72
-13
43
83
111
124
105
81
52
24
-5
-28
-32
-69
-116
-152
-150
-126
-102
-51
17
78
107
73
-13
-109
-195
-225
-225
-214
-190
-139
-65
20
58
37
33
55
80
61
22
-45
-124
-161
-187
-243
-251
-107
83
173
211
259
318
374
393
373
300
192
150
139
120
62
49
81
142
276
360
365
374
405
363
252
114
-23
-132
-254
-325
-341
-369
-312
-235
-165
-58
85
164
228
277
158
-46
-261
-426
-499
-553
-587
-525
-355
-141
54
226
326
370
321
265
164
-32
-179
-279
-353
-436
-487
-537
-559
-441
-211
49
239
386
431
398
400
269
65
-95
-177
-204
-228
-220
-182
-72
4
79
172
192
172
144
51
-35
15
-6
-53
-100
-160
-122
-43
63
164
243
285
360
481
462
335
165
-39
-171
-287
-467
-596
-589
-509
-388
-279
-107
97
214
249
268
306
287
171
-15
-156
-220
-137
47
170
215
280
301
269
300
331
325
287
185
-6
-249
-415
-445
-409
-402
-366
-258
-113
80
204
232
274
292
210
74
-34
-88
-79
-68
-2
106
152
202
262
295
311
410
489
458
354
186
36
-35
-48
-97
-129
-186
-263
-341
-453
-432
-340
-297
-246
-156
-63
-31
-94
-174
-240
-308
-361
-327
-233
-76
89
238
324
283
121
-160
-339
-409
-437
-392
-382
-360
-217
-12
207
435
599
669
643
593
546
419
267
51
-202
-365
-460
-498
-492
-443
-294
-88
110
250
485
826
1052
1055
870
649
448
296
172
76
8
-75
-190
-318
-339
-342
-424
-506
-526
-536
-607
-661
-634
-507
-317
-168
-32
89
214
247
234
262
240
138
5
-65
-107
-204
-344
-421
-390
-287
-181
-74
-34
-19
7
-23
1
98
170
188
151
68
96
145
95
32
-24
14
103
97
4
-123
-238
-367
-432
-434
-361
-263
-226
-144
-42
91
146
154
165
98
11
-106
-105
21
152
289
425
606
727
752
703
632
578
483
364
174
51
-39
-76
-20
-3
-6
-28
-46
-40
-1
14
42
63
69
96
179
268
284
251
184
84
-18
-120
-240
-233
-186
-74
-15
-27
-50
-96
-87
-103
-105
-165
-196
-236
-275
-285
-257
-173
-102
-53
-21
1
-46
-158
-258
-280
-288
-287
-241
-193
-180
-241
-274
-237
-167
-102
-4
83
173
230
227
191
84
-63
-166
-192
-245
-211
-117
-32
2
8
-9
-28
-56
-110
-40
2
47
40
19
11
11
33
53
76
61
87
111
181
205
188
178
120
109
70
24
-47
-65
-42
-42
-54
-69
-49
-13
94
179
292
379
357
279
210
133
65
22
42
79
93
73
3
-11
11
67
133
130
59
64
69
20
-63
-136
-145
-196
-225
-228
-237
-219
-192
-145
-83
-39
-24
24
79
51
3
3
-38
-77
-67
-14
54
129
132
57
27
-43
-29
-17
-49
-58
-74
-70
-68
-66
-100
-111
-130
-138
-81
80
212
289
293
200
140
100
87
50
22
47
53
33
-10
-104
-167
-174
-148
-71
7
1
-6
-69
-161
-231
-221
-102
67
222
339
406
377
256
56
-93
-192
-166
-31
141
259
316
301
209
141
39
25
11
-19
-23
-39
-49
-127
-225
-263
-225
-179
-107
-94
-128
-134
-214
-279
-317
-389
-355
-305
-275
-174
-99
-42
35
103
128
137
79
28
47
40
94
124
108
49
13
19
33
45
-17
-54
-75
-55
9
80
182
217
195
96
38
21
-50
-109
-162
-153
-116
-81
-39
21
121
174
168
144
135
130
93
31
-89
-178
-227
-215
-158
-134
-70
1
81
106
52
22
-6
-26
-12
-12
-27
-3
-56
-148
-212
-227
-167
-15
113
121
100
98
95
97
102
170
242
212
254
258
261
308
258
220
163
222
330
397
420
396
418
356
258
58
-76
-119
-96
-4
-19
-3
-39
-40
-117
-151
-108
-120
-30
-63
-80
-57
-37
-98
-250
-321
-313
-245
-251
-275
-197
-122
-59
-32
-90
-145
-225
-281
-295
-263
-262
-267
-357
-388
-367
-282
-198
-199
-140
-148
-108
-106
-13
80
97
112
104
174
218
249
204
199
245
279
226
161
113
78
135
165
272
271
201
118
49
20
-61
-161
-302
-346
-314
-235
-136
-77
-121
-185
-240
-218
-135
-148
-201
-192
-161
-71
4
37
130
140
173
265
370
429
357
194
124
114
154
185
183
178
169
265
332
377
310
141
-52
-122
-66
60
173
145
106
76
83
82
26
-20
-37
-7
13
62
79
0
-91
-200
-215
-171
-124
-172
-283
-353
-302
-209
-117
-50
-17
-12
-91
-136
-220
-250
-246
-194
-139
-98
-16
-3
-32
-88
-86
-49
0
18
14
-63
-85
-22
48
82
62
83
36
-34
-62
-71
-50
-40
-60
-12
58
134
185
189
222
235
281
306
293
307
268
229
225
207
223
259
277
224
198
214
217
216
176
132
132
145
131
45
-94
-250
-329
-338
-310
-217
-161
-85
-66
-60
-71
-156
-225
-314
-316
-308
-276
-262
-223
-202
-211
-224
-230
-198
-135
-75
-45
2
-31
-18
-52
-68
-64
-44
-31
-47
-93
-186
-239
-265
-230
-203
-111
-80
-52
-10
3
-28
-51
-35
-17
31
15
-10
-43
-44
17
99
155
172
197
234
306
304
312
332
353
378
342
281
206
131
72
89
65
59
26
24
22
28
79
114
206
208
145
17
-130
-243
-249
-140
-10
127
195
235
244
196
157
105
118
69
-4
-30
-53
9
15
21
23
20
-11
-41
-73
-142
-157
-152
-113
-77
-86
-142
-157
-195
-178
-143
-149
-157
-188
-179
-128
-66
-42
-30
-38
-97
-167
-143
-136
-86
-46
-51
-24
-25
8
-9
-27
-81
-132
-108
-63
-43
-69
-55
-85
-49
44
132
185
150
86
35
15
21
81
168
270
280
239
179
137
158
167
162
127
111
125
136
115
77
53
-18
-31
45
69
88
81
60
56
60
33
-46
-77
-130
-184
-209
-216
-211
-215
-224
-221
-170
-111
-45
-28
-69
-173
-228
-210
-202
-101
-4
98
152
157
93
20
-38
-62
10
35
14
-84
-151
-161
-151
-115
-83
-41
-1
23
31
27
48
-6
-45
-51
-62
-56
-39
25
105
164
160
148
126
144
114
61
12
6
12
16
61
75
91
85
114
131
122
107
86
57
65
30
33
49
42
36
11
35
30
47
32
16
3
-55
-147
-214
-205
-128
-52
9
97
102
119
147
121
73
-53
-145
-211
-195
-151
-120
-54
7
94
148
241
249
198
147
74
9
-39
-55
-56
-8
32
65
70
39
30
30
31
18
17
30
-27
-56
-121
-172
-195
-173
-103
-86
-31
17
87
113
128
74
-8
-24
-53
-45
-42
-51
-69
-15
27
-1
-4
-41
-39
-18
25
61
38
40
16
-33
-105
-181
-198
-202
-180
-144
-63
-1
52
107
115
73
5
-54
-86
-80
-125
-156
-165
-136
-91
-21
59
91
107
101
76
-4
-108
-171
-202
-224
-203
-152
-53
27
112
210
240
170
73
11
-58
-80
-103
-60
-33
16
57
99
175
240
251
184
137
58
34
-9
-27
-44
-35
11
62
104
111
183
224
234
228
186
131
72
45
44
31
13
6
7
-2
6
-9
-27
-28
-56
-82
-97
-129
-180
-220
-168
-139
-86
-15
39
114
184
228
195
148
36
-46
-88
-80
-96
-89
-33
-10
6
-18
-28
-83
-98
-77
-68
-82
-122
-159
-173
-62
69
170
223
171
52
-9
-5
-31
-29
-5
19
88
158
126
40
-54
-152
-229
-230
-211
-197
-75
66
204
247
201
95
-20
-140
-225
-208
-132
-39
20
83
73
38
-3
-44
-19
-3
-42
-128
-172
-107
-19
45
64
114
148
148
124
-18
-144
-188
-173
-96
39
169
181
162
130
0
-140
-208
-227
-230
-233
-242
-163
-51
36
107
190
221
119
36
-64
-135
-169
-156
-65
78
252
364
423
354
230
144
91
45
-78
-194
-235
-194
-116
8
90
155
203
136
38
-70
-96
-133
-216
-216
-173
-137
-85
6
27
9
-3
9
38
83
172
168
126
30
-26
-11
46
126
167
220
270
332
351
278
141
-26
-106
-104
-127
-202
-313
-375
-322
-222
-124
-6
98
168
200
159
-10
-266
-414
-392
-288
-129
21
206
266
234
182
94
67
73
173
191
97
-93
-225
-254
-178
22
163
300
326
255
110
-33
-175
-272
-229
-59
193
287
243
136
-2
-84
-120
-68
7
65
113
121
114
67
1
-22
-72
-171
-222
-231
-262
-231
-186
-145
-37
36
30
-63
-152
-264
-340
-387
-351
-242
-85
83
135
120
23
38
144
249
247
220
188
68
-27
-66
-25
-41
-37
34
69
108
116
38
-53
-50
-40
-85
-137
-173
-187
-128
-76
-91
-80
-22
39
61
64
35
20
39
67
65
46
46
70
120
160
186
182
202
211
145
76
2
-78
-70
48
150
214
255
225
132
77
28
-86
-199
-306
-289
-168
-29
46
80
151
176
141
57
-10
-86
-131
-172
-227
-223
-216
-71
22
50
100
185
228
151
42
-113
-225
-269
-187
-81
39
157
230
243
132
56
2
-22
-45
-49
-30
34
100
75
22
-39
7
85
127
87
14
-113
-205
-222
-201
-128
-24
85
141
121
-24
-130
-164
-115
-28
41
111
127
98
79
97
101
93
52
17
-51
-132
-150
-126
-99
-85
-61
-37
-17
-24
-29
-89
-171
-243
-275
-221
-187
-184
-197
-129
17
165
246
194
75
-18
-67
-83
-24
94
275
404
375
214
12
-105
-121
-54
75
195
214
152
55
-49
-114
-98
16
106
41
-103
-267
-387
-392
-341
-224
-75
64
200
289
262
169
71
11
-45
-113
-131
-84
13
98
171
185
239
318
416
417
230
17
-185
-265
-250
-178
-82
-24
8
74
157
130
106
-18
-200
-363
-487
-456
-328
-160
-62
8
36
46
72
55
86
95
56
73
46
-33
-110
-102
-83
-18
87
82
89
65
-2
-22
-6
25
79
123
138
146
75
-6
-40
-9
34
53
125
197
288
367
402
417
340
221
85
-87
-201
-220
-158
-64
59
161
239
302
276
140
-72
-241
-341
-364
-390
-401
-367
-271
-125
22
133
145
72
-28
-90
-179
-255
-270
-247
-229
-188
-83
15
171
251
301
305
241
203
110
0
-183
-245
-262
-216
-45
46
18
-181
-296
-411
-502
-488
-471
-357
-205
-17
144
251
240
148
127
91
59
0
-111
-160
-218
-217
-122
65
287
402
435
354
241
131
70
-10
-125
-165
-163
-7
187
355
454
481
482
421
391
313
196
25
-32
-37
-33
-14
-68
-81
-100
-90
-98
-76
-47
-62
-30
-16
-34
-115
-170
-179
-208
-160
-178
-262
-269
-277
-281
-235
-100
68
201
250
286
314
284
211
159
165
150
175
145
123
101
39
26
-32
14
61
122
144
68
50
13
-20
-116
-184
-186
-198
-222
-240
-230
-238
-222
-248
-223
-133
-66
-66
-122
-82
-1
61
40
-27
-8
24
80
142
126
107
35
-2
21
33
19
-79
-99
-45
44
95
39
5
-27
22
123
179
159
119
87
70
98
133
203
128
9
17
71
102
38
17
-26
-70
-110
-103
-24
-40
-72
-101
-67
-18
-48
-62
-89
-152
-226
-205
-174
-165
-205
-329
-371
-324
-215
-115
-44
22
83
133
158
149
185
200
163
104
26
-1
-114
-158
-166
-146
-119
-162
-159
-139
-61
27
149
206
229
213
190
235
263
257
142
64
-10
-85
-81
-24
5
20
108
171
169
153
114
91
89
86
101
142
249
312
347
347
286
265
199
93
-75
-221
-268
-296
-278
-229
-167
-168
-183
-135
-44
-42
-105
-111
-49
77
121
132
120
135
167
157
102
-65
-227
-296
-267
-243
-224
-207
-231
-228
-180
-99
-40
11
13
-34
-35
-28
17
73
89
72
41
26
-44
-102
-167
-229
-221
-182
-70
36
123
168
182
234
265
295
268
170
49
-73
-143
-194
-217
-232
-186
-35
89
190
241
206
166
114
44
-53
-136
-153
-69
39
39
53
46
-31
-71
-34
68
158
148
45
-48
-152
-225
-176
-173
-211
-227
-158
-40
44
81
96
131
188
252
248
172
36
-49
-93
-138
-202
-272
-237
-146
-42
58
123
196
257
333
386
361
233
89
30
0
-96
-171
-175
-157
-144
-172
-222
-208
-97
36
154
231
221
171
180
187
118
5
-117
-124
-103
-177
-241
-288
-302
-205
-41
90
116
119
119
121
86
-23
-88
-156
-145
-64
26
96
140
168
161
166
147
134
96
23
-40
-73
-75
-42
-18
3
32
67
116
163
190
156
117
76
6
-120
-252
-324
-264
-126
-37
-35
-68
-53
-18
34
42
23
2
-20
-29
-41
-99
-212
-294
-309
-214
-101
-8
101
189
297
354
297
207
131
-6
-161
-328
-443
-402
-284
-217
-207
-159
-54
92
264
403
498
497
331
129
-45
-228
-353
-397
-341
-148
67
235
374
479
512
447
313
215
117
-13
-172
-367
-538
-591
-479
-311
-137
0
87
160
177
153
159
160
137
105
44
-65
-207
-266
-236
-140
-36
52
142
198
262
291
255
171
123
121
103
46
-39
-116
-176
-135
-23
55
119
153
79
-52
-98
-73
-81
-57
-48
-139
-262
-327
-266
-118
42
166
215
250
299
236
79
-27
-142
-241
-245
-200
-164
-135
-52
-18
-12
20
107
262
357
349
247
84
-68
-147
-165
-118
-43
0
57
126
117
100
29
-5
-3
-43
-88
-136
-161
-187
-188
-184
-91
68
141
142
121
46
-6
-93
-232
-339
-414
-426
-347
-247
-224
-122
76
234
296
252
171
165
174
192
202
125
42
-9
-87
-61
37
93
119
99
40
-17
-23
9
70
108
122
145
168
136
113
82
33
-11
-51
-77
-37
26
52
65
-1
-95
-139
-140
-83
-3
43
117
103
44
67
103
61
21
-44
-182
-249
-274
-282
-214
-137
-86
-15
-22
-72
-29
21
78
146
179
247
286
222
152
96
-20
-37
-10
-19
-6
-34
-120
-164
-174
-168
-75
34
57
81
58
10
-7
-53
-110
-213
-275
-245
-202
-187
-154
-116
-156
-141
-16
116
241
271
165
49
4
7
66
145
167
202
221
230
251
233
252
311
261
147
57
-50
-105
-133
-177
-243
-219
-66
48
42
-20
-82
-108
-54
58
143
96
3
-81
-176
-203
-188
-123
-21
71
152
164
120
78
57
18
11
27
-34
-112
-207
-299
-311
-298
-252
-181
-93
15
128
129
15
-50
-72
-79
-47
-75
-131
-197
-273
-323
-305
-240
-138
-18
142
315
369
305
184
83
34
48
108
168
248
327
353
339
297
287
311
280
196
48
-86
-111
-89
-38
-54
-128
-172
-184
-116
-13
53
133
222
192
123
48
-9
-9
-8
-9
-57
-81
-83
-33
82
131
128
128
150
145
89
-14
-154
-277
-349
-376
-398
-403
-355
-273
-164
-64
-79
-137
-153
-135
-79
-61
-82
-104
-99
-135
-165
-61
70
149
159
110
62
62
32
-28
-46
-24
-31
-77
-88
-11
155
276
350
439
488
484
454
375
265
100
-108
-243
-309
-313
-231
-109
-20
3
37
60
50
60
90
109
46
-85
-174
-182
-134
-81
-25
41
68
72
59
21
-93
-170
-162
-81
43
101
114
107
111
180
205
117
52
3
-59
-77
-102
-189
-269
-295
-284
-263
-230
-154
-41
18
-3
-2
25
72
128
192
198
192
235
250
254
232
187
121
34
-60
-109
-86
-107
-171
-176
-143
-77
-6
84
158
191
197
100
-42
-142
-208
-241
-274
-290
-242
-193
-162
-107
-66
-2
43
66
81
21
-11
-60
-83
-131
-183
-128
-50
11
13
45
86
202
310
299
303
259
176
62
-70
-138
-119
-33
51
165
223
230
276
295
240
95
-36
-121
-125
-78
-84
-74
-82
-121
-115
-109
-95
-120
-110
-11
74
137
116
47
-47
-84
-67
-52
-57
-87
-107
-174
-210
-239
-230
-130
-96
-81
-78
-109
-39
30
37
49
160
343
445
458
481
435
327
275
208
117
64
51
86
167
217
253
254
205
158
151
192
136
-11
-93
-172
-251
-266
-336
-387
-398
-402
-363
-377
-399
-375
-354
-348
-382
-465
-533
-553
-511
-484
-531
-547
-501
-395
-259
-137
-42
-3
14
56
131
167
162
130
153
237
314
442
512
542
544
489
460
426
399
397
392
378
325
265
242
253
191
122
121
150
146
77
20
-32
-38
-22
-8
94
164
211
278
150
-8
-83
-121
-97
-72
-14
32
34
14
-14
-37
-85
-128
-141
-147
-136
-182
-253
-331
-348
-346
-384
-362
-333
-246
-127
-3
78
-23
-141
-186
-176
-99
-70
-77
-50
-4
48
127
213
235
206
160
126
103
72
83
120
112
82
-16
-155
-248
-217
-113
4
59
14
-4
-26
-12
-8
-12
29
41
26
-25
-10
67
128
228
243
234
298
345
385
419
366
287
238
168
105
40
1
-16
-76
-72
-68
-132
-134
-183
-215
-196
-211
-184
-206
-270
-304
-321
-292
-270
-341
-416
-454
-427
-352
-360
-366
-290
-251
-217
-176
-169
-150
-174
-161
-58
46
164
264
268
259
239
184
211
248
317
374
317
231
145
135
215
314
346
302
229
202
140
73
31
-37
25
76
155
228
211
251
249
202
176
86
33
4
-30
-7
4
-31
-80
-49
17
2
-17
22
18
-2
-4
-28
-105
-135
-189
-248
-308
-368
-333
-266
-178
-128
-63
-16
26
76
43
34
51
56
117
117
72
58
95
152
167
198
163
69
-77
-174
-244
-310
-340
-322
-255
-175
-79
-44
-15
17
5
30
-33
-164
-268
-337
-258
-195
-167
-160
-189
-158
-76
22
90
126
96
40
-2
-22
12
-13
-11
-36
-77
-25
44
159
190
218
220
202
253
227
227
263
271
262
282
335
384
435
444
480
443
404
360
207
117
130
247
313
333
335
387
401
265
103
-5
-101
-194
-230
-260
-271
-203
-244
-366
-419
-525
-591
-666
-797
-880
-926
-893
-713
-578
-539
-534
-524
-492
-501
-513
-512
-471
-390
-318
-240
-145
-20
85
106
43
-22
-34
-34
-39
13
75
146
253
377
438
410
379
362
355
337
322
382
488
488
511
642
812
930
908
771
677
689
709
706
688
646
695
736
636
522
431
351
231
36
-109
-174
-163
-122
-123
-194
-329
-491
-662
-866
-1032
-1075
-1086
-1018
-912
-744
-511
-346
-268
-308
-376
-391
-389
-488
-669
-737
-650
-458
-377
-339
-228
-154
-82
-17
6
2
68
83
-55
-118
-14
140
257
376
492
592
710
754
783
783
784
888
971
877
730
641
552
488
480
430
363
335
236
101
-10
-27
32
58
-4
-140
-252
-407
-690
-902
-976
-909
-757
-718
-683
-638
-583
-548
-661
-719
-575
-504
-513
-534
-484
-313
-161
-125
-173
-69
147
335
346
222
185
226
240
249
278
242
229
293
293
311
377
485
596
691
671
612
728
886
926
839
796
778
753
651
481
346
275
193
130
52
-13
-49
-209
-464
-707
-767
-814
-897
-1019
-1167
-1158
-1075
-1055
-1122
-1138
-1055
-956
-888
-904
-822
-655
-517
-335
-186
-37
101
117
49
5
81
211
297
351
403
469
499
512
467
489
625
751
810
765
682
653
662
717
813
928
1024
1044
1039
953
827
767
817
952
982
848
627
380
258
137
-65
-216
-250
-279
-383
-516
-643
-705
-725
-804
-991
-1264
-1466
-1506
-1485
-1369
-1189
-972
-821
-719
-679
-780
-836
-792
-620
-474
-370
-223
-116
-5
3
2
97
251
431
533
513
462
487
451
413
479
635
794
896
897
783
756
810
871
870
873
882
891
797
616
507
476
558
555
462
388
346
273
115
-85
-244
-282
-278
-312
-413
-589
-714
-791
-874
-1043
-1156
-1175
-1194
-1195
-1236
-1208
-1151
-1050
-982
-1012
-1053
-1083
-1057
-997
-904
-746
-531
-363
-339
-327
-233
-127
-33
61
154
229
305
308
201
178
299
471
674
814
932
1045
1136
1156
1132
1100
1060
1086
1027
1026
1055
1068
1201
1366
1491
1470
1333
1197
1062
922
784
614
453
345
194
-17
-262
-493
-499
-374
-334
-439
-623
-771
-891
-958
-1039
-1094
-1020
-910
-856
-809
-699
-628
-606
-615
-652
-608
-415
-242
-198
-142
-150
-158
-121
-98
-26
75
102
8
-63
-103
-134
-81
-1
60
112
232
342
345
396
478
498
566
578
519
491
489
547
637
716
627
525
492
419
323
81
-235
-513
-686
-787
-890
-972
-1014
-1043
-1106
-1161
-1202
-1154
-1052
-1044
-1047
-1023
-939
-788
-692
-650
-549
-380
-218
-101
11
162
310
503
572
496
486
564
601
584
556
496
470
448
432
449
541
660
622
537
512
478
522
611
688
786
912
1054
1146
1221
1315
1344
1301
1244
1159
972
833
793
729
591
341
67
-154
-250
-331
-598
-941
-1215
-1458
-1618
-1750
-1877
-1957
-2011
-2027
-2013
-1887
-1709
-1559
-1401
-1256
-1152
-1013
-837
-745
-608
-370
-156
-35
29
46
98
254
416
543
646
740
783
786
783
798
842
921
945
881
860
851
910
1013
1066
1150
1214
1318
1397
1372
1316
1295
1363
1386
1240
1019
953
857
655
437
166
49
-3
-81
-210
-371
-475
-600
-880
-1327
-1650
-1774
-1850
-1926
-1908
-1775
-1566
-1311
-1153
-1120
-1048
-877
-743
-680
-649
-573
-444
-332
-227
-141
-82
34
152
239
283
287
347
435
485
482
478
525
618
739
863
906
844
836
919
926
851
818
892
978
1027
1058
1071
1049
1004
865
546
266
195
159
34
-193
-424
-501
-584
-752
-951
-1136
-1307
-1513
-1779
-2078
-2250
-2292
-2241
-2183
-2098
-1880
-1566
-1246
-983
-784
-650
-552
-492
-422
-291
-152
-20
142
303
495
763
1071
1246
1275
1279
1325
1410
1391
1217
1069
1025
1058
1122
1150
1252
1400
1569
1614
1536
1474
1461
1530
1508
1356
1241
1274
1233
1014
736
511
432
395
322
157
-49
-149
-324
-601
-882
-1124
-1353
-1674
-2008
-2228
-2286
-2298
-2229
-2190
-2206
-2127
-2004
-1887
-1810
-1648
-1436
-1261
-1074
-900
-697
-479
-288
-141
-39
161
444
687
864
1045
1273
1429
1392
1269
1164
1132
1095
1042
1032
1062
1220
1332
1308
1258
1275
1342
1409
1403
1330
1290
1227
1161
1133
1049
868
750
682
559
404
251
103
-42
-226
-496
-892
-1279
-1478
-1649
-1850
-2073
-2200
-2185
-2139
-2123
-2144
-2121
-2022
-1879
-1776
-1734
-1642
-1461
-1332
-1231
-1052
-798
-539
-254
-19
154
385
616
881
1116
1288
1353
1336
1295
1255
1246
1266
1288
1352
1460
1507
1538
1600
1660
1626
1557
1505
1454
1409
1327
1173
1077
1014
973
865
581
388
329
188
-116
-397
-519
-621
-804
-1043
-1304
-1551
-1731
-1897
-2114
-2358
-2462
-2428
-2392
-2345
-2212
-2049
-1923
-1810
-1716
-1581
-1426
-1240
-1048
-879
-637
-337
-148
1
209
442
620
726
835
953
1049
1114
1144
1108
1104
1220
1280
1237
1298
1405
1521
1574
1677
1822
1851
1915
1946
1951
1936
1966
2060
2124
2132
1978
1718
1511
1367
1205
1043
738
455
260
-50
-417
-750
-1007
-1247
-1515
-1749
-1938
-2072
-2151
-2215
-2355
-2414
-2320
-2298
-2332
-2369
-2295
-2142
-2050
-1967
-1866
-1684
-1447
-1243
-1088
-914
-694
-414
-214
-90
14
198
409
477
443
475
684
940
1097
1084
1130
1298
1538
1623
1537
1561
1745
2000
2090
1963
1861
1913
1950
1840
1697
1586
1566
1510
1274
943
711
569
394
72
-283
-504
-623
-778
-1100
-1445
-1684
-1822
-1938
-2150
-2389
-2439
-2339
-2263
-2277
-2252
-2110
-1935
-1790
-1703
-1598
-1391
-1125
-964
-905
-831
-700
-462
-283
-176
-16
207
447
627
740
831
980
1178
1298
1326
1455
1737
1957
1990
1941
2025
2227
2420
2358
2207
2213
2240
2224
1998
1701
1511
1330
1045
614
188
-80
-280
-552
-911
-1162
-1328
-1465
-1652
-1933
-2167
-2288
-2264
-2249
-2295
-2254
-2005
-1781
-1664
-1500
-1271
-983
-748
-576
-463
-327
-170
-25
56
100
189
295
354
418
534
650
669
653
682
664
610
573
626
623
654
789
935
1017
960
988
1144
1284
1334
1259
1257
1359
1533
1577
1442
1304
1255
1183
979
777
602
522
403
147
-206
-441
-553
-718
-1004
-1365
-1555
-1566
-1582
-1738
-1891
-1882
-1847
-1871
-1959
-2032
-2006
-1895
-1845
-1881
-1732
-1460
-1242
-1104
-942
-733
-613
-520
-404
-267
-120
114
298
421
544
764
971
1057
1170
1359
1568
1691
1747
1769
1821
1898
2028
2054
2067
2237
2413
2366
2072
1736
1507
1345
1084
720
434
293
247
3
-473
-839
-1070
-1280
-1582
-1855
-2056
-2152
-2151
-2209
-2320
-2375
-2226
-2063
-2103
-2114
-2012
-1911
-1769
-1657
-1524
-1287
-1061
-874
-728
-519
-203
61
156
154
298
525
786
912
923
1062
1200
1291
1384
1464
1585
1829
2059
2128
2089
2105
2228
2264
2121
2060
2141
2213
2168
1850
1539
1453
1414
1276
882
497
340
262
26
-354
-631
-761
-867
-1077
-1346
-1594
-1751
-1789
-1945
-2223
-2296
-2148
-2101
-2243
-2376
-2382
-2171
-1866
-1716
-1581
-1409
-1119
-836
-745
-666
-481
-302
-238
-225
-77
227
374
472
488
551
755
935
1079
1139
1271
1379
1478
1481
1534
1800
1941
1857
1642
1500
1607
1765
1712
1516
1261
1029
896
652
306
148
106
-7
-311
-636
-752
-713
-678
-810
-1092
-1338
-1364
-1323
-1441
-1632
-1620
-1461
-1320
-1286
-1302
-1264
-1253
-1331
-1491
-1522
-1360
-1211
-1198
-1141
-1027
-918
-861
-881
-841
-733
-520
-261
-212
-204
-17
179
277
303
464
806
1098
1287
1497
1797
2099
2365
2455
2474
2687
3013
3240
3185
2962
2950
2954
2659
2098
1499
1146
965
737
373
27
-133
-229
-539
-1035
-1535
-1919
-2137
-2372
-2662
-2792
-2661
-2550
-2563
-2543
-2437
-2194
-1905
-1689
-1544
-1303
-1057
-987
-1024
-965
-751
-495
-287
-140
-83
89
314
395
487
587
660
631
488
475
757
1081
1235
1262
1288
1379
1542
1631
1506
1465
1640
1851
1901
1797
1838
1938
1827
1497
1118
858
743
541
95
-300
-395
-340
-495
-875
-1212
-1418
-1499
-1616
-1855
-2048
-2010
-1950
-2074
-2149
-2014
-1787
-1645
-1539
-1459
-1350
-1053
-832
-825
-879
-727
-521
-448
-414
-342
-91
213
400
437
537
710
870
917
977
1251
1512
1656
1677
1648
1811
2023
1979
1684
1496
1637
1810
1788
1566
1465
1552
1484
1152
695
391
308
117
-273
-631
-737
-723
-858
-1236
-1600
-1627
-1535
-1554
-1710
-1907
-1932
-1804
-1779
-1849
-1867
-1761
-1643
-1625
-1550
-1332
-998
-715
-639
-552
-331
-167
-110
-178
-117
74
279
416
417
527
758
934
827
703
749
908
1065
1137
1238
1581
2006
2088
1963
1927
2065
2216
2138
1893
1787
1866
1889
1574
1042
664
543
349
-78
-471
-646
-690
-909
-1230
-1550
-1718
-1672
-1737
-2023
-2282
-2167
-1872
-1750
-1661
-1525
-1404
-1250
-1177
-1196
-1083
-785
-524
-524
-595
-455
-174
-42
-150
-197
-46
190
286
231
286
508
747
799
688
817
1157
1297
1221
1142
1284
1544
1678
1539
1416
1706
2036
1938
1610
1422
1371
1360
1140
630
235
208
135
-374
-921
-1075
-1083
-1190
-1457
-1776
-1808
-1569
-1530
-1833
-2002
-1777
-1533
-1545
-1669
-1713
-1577
-1313
-1233
-1344
-1289
-964
-671
-591
-542
-388
-164
-29
-51
-94
25
228
228
12
-110
24
206
264
322
498
812
1068
1164
1258
1550
1923
2093
1942
1822
2066
2419
2452
2260
2148
2171
2205
1961
1458
1066
1043
953
535
72
-54
-31
-140
-401
-800
-1007
-919
-958
-1313
-1558
-1484
-1304
-1246
-1299
-1248
-1068
-854
-833
-1067
-1223
-1149
-980
-917
-962
-907
-716
-661
-736
-778
-779
-774
-774
-843
-862
-612
-337
-314
-404
-239
38
124
102
161
365
685
957
935
859
1099
1361
1242
1035
1135
1374
1476
1277
890
692
773
841
497
32
-16
108
44
-319
-777
-1015
-954
-899
-1134
-1312
-1095
-749
-688
-825
-888
-848
-714
-698
-812
-795
-516
-286
-291
-351
-208
65
203
242
267
361
528
707
693
691
916
1047
964
878
1016
1266
1295
1193
1173
1231
1312
1323
1054
767
864
1054
951
706
583
528
439
225
-83
-251
-167
-134
-485
-905
-1020
-913
-915
-1078
-1346
-1499
-1422
-1438
-1680
-1925
-1859
-1668
-1580
-1603
-1508
-1289
-1047
-907
-918
-839
-545
-232
-215
-289
-172
93
283
291
227
178
205
338
429
489
628
812
856
819
925
1098
1175
1152
1273
1491
1711
1933
1950
1817
1898
1989
1796
1643
1635
1506
1202
814
380
83
7
-80
-399
-709
-677
-575
-648
-825
-1011
-1111
-1137
-1241
-1495
-1655
-1533
-1313
-1317
-1476
-1416
-1185
-1023
-956
-991
-998
-883
-717
-720
-835
-726
-576
-595
-626
-524
-407
-233
42
236
421
573
634
664
745
993
1113
944
781
837
994
1201
1409
1454
1474
1639
1649
1400
1130
967
784
514
169
-143
-293
-422
-657
-1055
-1327
-1380
-1333
-1339
-1423
-1346
-1173
-1076
-1147
-1234
-1198
-1001
-783
-706
-577
-359
-107
103
286
432
576
751
739
619
547
540
502
389
254
131
25
6
109
180
258
346
381
395
463
518
444
379
466
642
771
854
1010
1340
1678
1746
1568
1454
1396
1163
737
213
-142
-221
-275
-539
-863
-980
-847
-722
-835
-1084
-1156
-1023
-959
-1124
-1375
-1419
-1240
-1093
-1074
-995
-872
-763
-681
-629
-569
-444
-361
-390
-401
-333
-178
-96
-136
-176
-150
-87
-20
72
240
466
678
824
1021
1321
1556
1564
1453
1352
1340
1391
1281
1103
1072
1319
1554
1502
1365
1332
1309
1036
519
-29
-497
-848
-1240
-1745
-2041
-1989
-1879
-1943
-2064
-2061
-1817
-1542
-1477
-1533
-1488
-1251
-1051
-998
-990
-837
-585
-419
-359
-365
-277
-17
195
262
347
501
541
468
392
343
274
57
-149
-134
123
476
790
1061
1424
1843
2086
2104
2056
2038
1976
1794
1566
1476
1567
1726
1681
1496
1411
1392
1171
577
-151
-568
-718
-985
-1396
-1715
-1711
-1542
-1466
-1511
-1447
-1234
-1157
-1383
-1790
-1971
-1700
-1396
-1338
-1346
-1131
-751
-557
-640
-864
-989
-1077
-1181
-1173
-965
-549
-58
231
291
243
146
-4
-134
-119
84
468
921
1507
2318
3062
3338
3225
3102
3167
3197
2747
1852
1118
931
926
644
157
-123
-159
-274
-720
-1420
-1922
-2102
-2293
-2699
-2971
-2821
-2479
-2224
-2076
-1832
-1304
-631
-23
470
989
1672
2215
2455
2552
2526
2315
1934
1494
1157
920
669
241
-296
-660
-863
-1108
-1508
-1936
-2267
-2480
-2524
-2522
-2483
-2265
-1897
-1497
-1070
-588
63
853
1655
2306
2637
2911
3352
3704
3616
3169
2706
2516
2457
2106
1447
724
156
-400
-1265
-2371
-3229
-3553
-3671
-3851
-3970
-3844
-3425
-2990
-2815
-2706
-2290
-1614
-1079
-777
-386
281
970
1478
1871
2223
2526
2554
2215
1743
1357
1034
463
-259
-683
-750
-686
-718
-844
-794
-518
-328
-391
-448
-144
352
686
987
1698
2901
3979
4416
4474
4697
5081
4956
3976
2733
1967
1662
1061
-72
-1000
-1443
-1792
-2577
-3821
-4754
-4903
-4725
-4924
-5241
-4908
-3931
-2978
-2446
-2113
-1644
-1029
-616
-481
-270
375
1258
1899
2337
2740
3125
3299
3009
2344
1604
926
230
-494
-1161
-1674
-1920
-1897
-1737
-1593
-1446
-1275
-1155
-1043
-908
-624
-242
128
695
1695
2938
3949
4523
4874
5256
5363
4810
3654
2535
1992
1594
758
-254
-779
-808
-1102
-2084
-3334
-4130
-4278
-4475
-5004
-5233
-4635
-3487
-2595
-2071
-1415
-570
125
381
363
571
1064
1612
2038
2352
2609
2641
2376
1904
1275
546
-160
-804
-1240
-1389
-1380
-1351
-1288
-1105
-970
-942
-960
-962
-925
-852
-614
-202
372
1208
2281
3265
3877
4191
4334
4292
3867
2903
1691
876
580
158
-647
-1266
-1424
-1561
-2087
-2916
-3645
-4056
-4200
-4343
-4421
-4000
-3036
-2087
-1442
-812
-27
696
1067
1159
1149
1184
1301
1408
1525
1606
1584
1579
1462
1102
559
-131
-771
-1313
-1818
-2181
-2213
-1832
-1300
-834
-341
260
793
1040
975
932
1175
1490
1708
2155
3150
4231
4902
5161
5268
5318
4911
3767
2252
1147
539
-261
-1404
-2133
-2194
-2224
-2729
-3493
-4034
-4268
-4443
-4807
-5107
-4896
-4138
-3217
-2457
-1782
-900
0
511
773
940
936
893
977
1113
1205
1226
1356
1473
1366
1113
695
198
-283
-810
-1330
-1626
-1601
-1449
-1351
-1065
-521
10
301
411
676
1201
1662
1966
2478
3382
4235
4476
4384
4540
4805
4483
3333
2186
1750
1580
822
-417
-1200
-1363
-1610
-2423
-3447
-4067
-4218
-4414
-4782
-4882
-4379
-3501
-2725
-2110
-1474
-735
-170
24
54
66
45
-4
1
110
138
151
411
584
334
-172
-615
-888
-1325
-1920
-2276
-2251
-1982
-1728
-1571
-1179
-387
403
845
1134
1595
2127
2355
2386
2875
3839
4615
4937
5056
5379
5645
5227
4075
2879
2250
1751
679
-580
-1186
-1205
-1418
-2194
-3090
-3614
-3763
-3982
-4332
-4380
-3883
-3150
-2444
-1752
-960
-42
689
1005
1027
934
856
759
545
290
69
7
112
202
77
-160
-267
-471
-993
-1609
-1946
-1955
-1975
-2196
-2198
-1679
-926
-291
165
653
1333
2122
2575
2695
3149
4022
4660
4699
4653
4961
5169
4709
3632
2595
2026
1468
389
-883
-1647
-1934
-2390
-3188
-3933
-4394
-4550
-4672
-4857
-4808
-4326
-3559
-2778
-2108
-1445
-722
-62
430
688
687
644
770
841
665
421
332
394
437
236
-173
-505
-690
-1044
-1632
-2040
-2016
-1876
-1913
-1863
-1381
-566
165
627
1062
1754
2532
2943
2995
3242
3976
4738
5027
4991
5083
5406
5447
4698
3523
2723
2338
1679
481
-759
-1556
-1969
-2411
-3143
-3920
-4273
-4215
-4217
-4352
-4209
-3652
-2886
-2216
-1798
-1405
-797
-105
317
269
151
308
468
354
2
-300
-384
-406
-666
-1137
-1453
-1538
-1786
-2248
-2568
-2465
-2176
-2092
-2057
-1776
-1249
-648
-101
384
1008
1662
2041
2330
2915
3899
4805
5106
5069
5176
5427
5395
4690
3658
2943
2563
1954
908
-44
-588
-955
-1462
-2277
-3030
-3276
-3217
-3298
-3447
-3289
-2730
-1973
-1409
-1076
-657
-41
533
804
776
788
900
853
406
-257
-663
-849
-1128
-1624
-2144
-2287
-2092
-2133
-2534
-2857
-2792
-2611
-2627
-2598
-2250
-1587
-744
-86
359
1000
1871
2560
2892
3176
3730
4484
5032
5123
4931
4879
4993
4704
3792
2798
2221
1957
1435
481
-377
-821
-1090
-1573
-2383
-3023
-3197
-3244
-3294
-3259
-2958
-2324
-1749
-1346
-988
-481
152
461
446
438
509
542
325
24
-26
-47
-289
-730
-1206
-1490
-1564
-1754
-2146
-2457
-2515
-2432
-2439
-2418
-2154
-1720
-1324
-1002
-599
153
1131
1878
2271
2648
3318
4075
4497
4420
4157
4218
4464
4248
3426
2496
1949
1599
881
-203
-1159
-1744
-2108
-2670
-3510
-3985
-3835
-3514
-3428
-3528
-3396
-2863
-2212
-1756
-1498
-1113
-500
9
265
395
512
655
803
755
567
436
333
173
-89
-329
-375
-331
-425
-592
-635
-444
-210
-114
-99
-7
197
355
499
831
1412
1980
2408
2713
2966
3316
3703
3960
3899
3691
3762
3947
3797
3209
2455
1939
1528
842
-115
-957
-1374
-1676
-2255
-2906
-3302
-3433
-3518
-3769
-4001
-3932
-3547
-3101
-2822
-2560
-2024
-1339
-848
-636
-531
-248
183
380
186
-161
-352
-448
-747
-1188
-1506
-1553
-1457
-1487
-1493
-1301
-979
-743
-779
-771
-391
131
460
678
1092
1738
2356
2792
3017
3325
3924
4460
4499
4195
4090
4278
4278
3777
3062
2606
2486
2255
1498
559
-5
-328
-802
-1680
-2587
-2915
-2852
-3003
-3409
-3566
-3299
-2979
-2882
-2831
-2544
-2031
-1605
-1462
-1469
-1372
-1136
-1009
-1154
-1428
-1493
-1361
-1337
-1468
-1534
-1368
-1135
-1101
-1242
-1372
-1331
-1146
-1067
-985
-604
0
617
1140
1626
2112
2478
2648
2652
2621
2637
2714
2961
3307
3547
3790
4111
4369
4345
3882
3305
2848
2306
1622
799
128
-151
-456
-923
-1389
-1770
-2039
-2358
-2719
-2934
-2982
-2997
-2996
-2879
-2696
-2462
-2096
-1647
-1215
-898
-807
-803
-849
-950
-963
-995
-1121
-1201
-1209
-1115
-913
-747
-703
-716
-597
-429
-363
-323
-145
272
737
1124
1480
1827
2082
2059
1902
1779
1761
1997
2391
2592
2570
2669
3062
3431
3341
2917
2513
2327
2064
1374
483
-140
-503
-880
-1341
-1715
-1853
-1782
-1729
-1756
-1677
-1564
-1532
-1523
-1578
-1707
-1705
-1536
-1224
-933
-917
-994
-950
-863
-839
-929
-1046
-1025
-887
-815
-867
-911
-892
-897
-948
-1099
-1252
-1274
-1199
-1085
-948
-733
-411
-1
381
632
787
872
778
585
491
575
960
1414
1786
2324
3119
3828
4102
3952
3634
3478
3268
2652
1787
1152
825
512
50
-516
-817
-850
-1055
-1562
-2117
-2386
-2328
-2204
-2285
-2417
-2343
-1982
-1646
-1554
-1488
-1295
-987
-833
-838
-777
-586
-510
-596
-702
-635
-410
-294
-392
-620
-725
-717
-744
-787
-754
-534
-255
26
376
660
730
693
661
679
768
1009
1456
1902
2361
2930
3604
4202
4445
4303
4083
3968
3585
2732
1719
931
250
-434
-1039
-1609
-1981
-2089
-2262
-2625
-2901
-2894
-2608
-2417
-2472
-2497
-2343
-2074
-1822
-1720
-1676
-1502
-1172
-821
-615
-488
-218
266
573
699
855
1129
1245
1094
823
570
495
370
173
-114
-307
-195
-89
-155
-378
-542
-442
-402
-592
-809
-902
-647
-82
535
1073
1678
2634
3569
4001
4021
3900
3917
3785
3137
2220
1414
872
346
-435
-1379
-2133
-2563
-2758
-3031
-3346
-3453
-3245
-2992
-2899
-2882
-2672
-2301
-2011
-1742
-1474
-1029
-535
-60
305
618
1079
1558
1737
1524
1230
1031
745
259
-197
-551
-803
-1067
-1351
-1474
-1383
-1216
-1160
-1205
-1261
-1139
-921
-850
-832
-544
177
1132
2043
2763
3453
4340
5195
5535
5354
5024
4882
4659
3829
2638
1638
1034
399
-633
-1768
-2482
-2732
-2939
-3284
-3554
-3549
-3238
-2928
-2805
-2695
-2441
-2096
-1942
-1865
-1744
-1489
-1067
-607
-160
297
766
1086
1325
1430
1367
1205
900
494
-22
-540
-862
-1126
-1300
-1397
-1470
-1392
-1213
-1005
-855
-712
-457
-198
-10
54
248
740
1414
2173
2805
3559
4457
5280
5716
5710
5518
5367
4935
3924
2604
1413
392
-742
-1888
-2838
-3330
-3570
-3784
-3993
-4161
-4187
-4006
-3767
-3762
-3676
-3323
-2904
-2418
-1855
-1190
-522
185
905
1482
2005
2335
2427
2392
2140
1712
1098
405
-178
-761
-1246
-1716
-2026
-2171
-2304
-2175
-2091
-2086
-1888
-1560
-1194
-871
-535
-222
105
645
1456
2335
3079
3728
4443
5214
5733
5734
5346
5044
4787
4165
2982
1646
549
-417
-1411
-2502
-3378
-3824
-4032
-4232
-4309
-4234
-3887
-3360
-3074
-2993
-2791
-2391
-2011
-1756
-1507
-998
-324
414
975
1399
1892
2310
2518
2448
2300
2033
1568
944
207
-455
-1001
-1507
-1935
-2191
-2239
-2224
-2169
-1924
-1488
-1137
-932
-671
-350
102
539
874
1337
2021
2825
3565
4224
4920
5521
5821
5839
5685
5403
4786
3647
2284
952
-268
-1427
-2808
-3975
-4582
-4845
-4987
-5098
-5018
-4551
-3789
-3095
-2627
-2186
-1583
-1034
-741
-559
-257
148
597
940
1282
1741
2136
2389
2360
2216
1990
1521
817
-50
-847
-1563
-2183
-2681
-2996
-3025
-2783
-2439
-2134
-1681
-1120
-572
-147
181
488
764
1054
1300
1756
2450
3049
3469
3937
4557
5055
5180
4846
4328
3843
3077
1929
559
-646
-1547
-2525
-3572
-4382
-4754
-4783
-4690
-4454
-4014
-3306
-2470
-1835
-1306
-749
-268
33
217
486
858
1258
1550
1734
1912
2030
2079
2066
1900
1603
1175
492
-274
-985
-1684
-2346
-2894
-3302
-3498
-3402
-3119
-2722
-2185
-1613
-1029
-482
-28
467
942
1324
1683
2260
2954
3480
3785
4017
4436
4852
4852
4492
4109
3727
3186
2211
918
-260
-1289
-2380
-3569
-4521
-4984
-5047
-4965
-4748
-4245
-3419
-2461
-1583
-946
-385
203
553
590
595
788
1085
1326
1471
1628
1898
2174
2147
1786
1353
1101
766
75
-696
-1335
-1709
-1925
-2229
-2551
-2673
-2481
-2098
-1762
-1389
-765
-41
577
1053
1500
1893
2152
2344
2598
2933
3127
3105
3125
3377
3616
3480
3026
2596
2246
1686
685
-574
-1648
-2536
-3420
-4300
-4893
-5014
-4725
-4316
-3944
-3314
-2346
-1280
-557
-100
429
1013
1308
1327
1350
1500
1718
1783
1713
1651
1691
1712
1585
1275
889
581
167
-427
-1131
-1755
-2199
-2590
-2841
-2930
-2915
-2664
-2202
-1680
-1105
-522
74
678
1159
1513
1734
1829
1922
2148
2479
2671
2740
2911
3255
3467
3332
2994
2761
2591
2019
939
-323
-1257
-1976
-2815
-3746
-4386
-4514
-4379
-4193
-3962
-3465
-2687
-1868
-1105
-548
-64
437
706
721
574
537
663
682
569
656
943
1174
1310
1306
1310
1249
953
477
-46
-580
-1082
-1489
-1826
-1974
-1952
-1788
-1519
-1106
-646
-201
311
821
1234
1525
1639
1713
1882
2254
2644
2711
2747
3023
3419
3737
3736
3439
3124
2786
2137
1162
155
-706
-1553
-2526
-3517
-4226
-4511
-4469
-4317
-4083
-3559
-2735
-1938
-1318
-795
-247
304
598
597
581
673
751
753
721
721
788
924
1070
1174
1170
954
602
179
-226
-706
-1356
-1966
-2382
-2515
-2544
-2487
-2226
-1755
-1253
-780
-277
216
793
1236
1465
1489
1484
1682
2011
2246
2363
2680
3154
3446
3464
3329
3209
3082
2545
1577
562
-317
-1139
-2065
-2925
-3394
-3485
-3410
-3276
-3040
-2572
-1896
-1222
-636
-158
222
488
579
543
394
253
132
63
9
-22
-18
-44
-39
-28
37
88
25
-222
-497
-696
-942
-1253
-1547
-1719
-1717
-1719
-1673
-1365
-897
-426
-25
301
630
1011
1375
1631
1808
2152
2618
2808
2835
2924
3178
3508
3515
3104
2648
2431
2100
1355
364
-468
-1039
-1666
-2517
-3302
-3653
-3720
-3659
-3647
-3617
-3218
-2573
-2030
-1652
-1219
-644
-182
117
439
774
1029
1130
1119
1251
1375
1288
1163
966
741
601
384
58
-177
-295
-445
-695
-967
-1198
-1376
-1524
-1655
-1685
-1537
-1255
-893
-509
26
718
1302
1611
1698
1881
2258
2480
2435
2342
2507
2988
3330
3257
3006
2983
3046
2703
1850
909
255
-331
-1084
-1941
-2658
-3103
-3371
-3526
-3554
-3367
-2934
-2349
-1918
-1465
-827
-250
135
307
333
305
305
207
138
229
304
265
120
45
92
124
37
-119
-297
-466
-702
-969
-1101
-1316
-1736
-2103
-2311
-2260
-2008
-1691
-1249
-682
25
819
1519
1948
2246
2494
2636
2682
2470
2182
2198
2461
2521
2264
2024
2062
2316
2385
2092
1595
1035
431
-429
-1533
-2480
-3046
-3423
-3663
-3551
-3002
-2106
-1312
-827
-417
0
330
438
299
133
70
-26
-317
-655
-825
-841
-868
-911
-779
-489
-209
-15
52
36
-134
-601
-1244
-1760
-2072
-2283
-2400
-2244
-1793
-1138
-483
117
782
1450
2090
2534
2702
2846
3060
3250
3387
3383
3339
3448
3665
3795
3750
3626
3557
3440
2941
2166
1358
492
-458
-1572
-2660
-3348
-3710
-4032
-4270
-4276
-3922
-3274
-2650
-2235
-1882
-1434
-1066
-856
-774
-754
-644
-594
-672
-727
-657
-356
2
233
418
635
835
953
953
795
442
-60
-651
-1282
-1775
-2121
-2324
-2348
-2132
-1647
-994
-238
530
1146
1554
1863
2017
1917
1673
1538
1721
2045
2308
2657
3279
3995
4494
4605
4410
4206
3844
3105
2045
865
-153
-1056
-1955
-2764
-3303
-3558
-3743
-3898
-3965
-3788
-3392
-3055
-2860
-2635
-2268
-1850
-1492
-1190
-830
-452
-56
250
479
715
941
1177
1323
1405
1474
1447
1199
774
211
-347
-929
-1562
-2137
-2639
-2875
-2787
-2482
-2096
-1662
-1179
-672
-236
53
287
492
657
796
958
1254
1803
2437
2946
3409
4011
4602
4892
4848
4589
4338
3987
3227
2238
1316
490
-409
-1430
-2303
-2921
-3322
-3589
-3765
-3762
-3520
-3136
-2773
-2399
-1952
-1521
-1178
-885
-660
-380
2
305
435
540
821
1153
1300
1224
1121
1089
918
521
35
-347
-656
-976
-1325
-1700
-1939
-1969
-1916
-1821
-1594
-1191
-673
-194
269
783
1315
1779
2124
2344
2452
2624
2917
3167
3314
3519
3970
4473
4650
4362
3984
3729
3273
2378
1099
-128
-1071
-1963
-3067
-4187
-4991
-5417
-5682
-5874
-5831
-5474
-4796
-4055
-3429
-2804
-2012
-1252
-747
-405
-100
311
761
957
964
1148
1451
1622
1570
1412
1341
1397
1295
839
284
-158
-537
-1067
-1711
-2146
-2281
-2272
-2072
-1691
-1211
-606
5
514
932
1285
1594
1864
2029
2118
2317
2656
3055
3407
3725
4122
4584
4830
4670
4296
3826
3280
2476
1435
374
-641
-1602
-2540
-3415
-4222
-4843
-5249
-5473
-5497
-5315
-4864
-4250
-3628
-2997
-2295
-1519
-831
-352
43
498
995
1407
1686
1873
2060
2228
2272
2200
2074
1879
1529
994
364
-232
-761
-1266
-1652
-1925
-2066
-1968
-1685
-1284
-868
-436
54
548
915
1125
1370
1665
1911
2085
2265
2472
2796
3153
3293
3280
3350
3524
3539
3236
2714
2203
1703
1079
190
-749
-1579
-2361
-3136
-3936
-4637
-5145
-5508
-5712
-5714
-5403
-4713
-3891
-3149
-2427
-1525
-595
146
669
1061
1508
2026
2342
2383
2350
2331
2254
2093
1931
1760
1541
1267
907
472
-16
-543
-1003
-1438
-1844
-2067
-2032
-1847
-1528
-1075
-537
43
605
1168
1722
2240
2604
2738
2704
2728
2829
2887
2809
2634
2499
2514
2655
2717
2589
2298
2036
1705
1018
56
-962
-1991
-3034
-4127
-5086
-5701
-6067
-6279
-6275
-6047
-5574
-4755
-3870
-3142
-2332
-1390
-499
291
835
1247
1674
1975
2124
2156
2180
2241
2253
2158
1970
1803
1701
1516
1176
748
374
31
-328
-683
-978
-1044
-861
-677
-463
-96
356
830
1171
1452
1658
1777
1850
1836
1711
1538
1480
1580
1754
1857
1896
1940
2014
2044
1840
1420
1008
591
66
-604
-1331
-1971
-2554
-3134
-3744
-4227
-4504
-4647
-4671
-4553
-4183
-3614
-2906
-2171
-1521
-779
48
717
1165
1580
2022
2468
2728
2838
2919
2887
2763
2526
2254
1935
1522
1042
538
60
-340
-622
-831
-924
-911
-806
-593
-301
9
180
330
410
497
610
589
628
709
856
992
1058
1099
1301
1628
1747
1714
1699
1788
1724
1393
901
433
80
-406
-1129
-1935
-2588
-3072
-3598
-4228
-4714
-4906
-4854
-4738
-4686
-4458
-3912
-3192
-2493
-1866
-1057
-48
955
1779
2389
2943
3461
3828
3958
3913
3825
3706
3479
3129
2750
2370
1922
1458
1001
553
139
-225
-530
-794
-1010
-1194
-1320
-1411
-1510
-1561
-1506
-1387
-1240
-1130
-954
-646
-298
11
211
453
803
1209
1457
1499
1548
1718
1837
1671
1321
970
761
487
-11
-699
-1285
-1675
-2153
-2780
-3424
-3781
-3911
-4024
-4156
-4078
-3561
-2896
-2210
-1487
-606
412
1325
2028
2545
3084
3504
3704
3713
3612
3558
3437
3249
2990
2782
2610
2283
1856
1397
1003
525
-3
-408
-755
-1136
-1533
-1810
-2024
-2168
-2254
-2308
-2161
-1930
-1638
-1332
-987
-560
-153
167
336
558
890
1172
1247
1272
1515
1879
2022
1838
1602
1493
1334
885
126
-604
-1199
-1719
-2398
-3229
-3811
-4076
-4125
-4095
-3936
-3427
-2541
-1565
-665
229
1177
2140
2896
3352
3644
3805
3874
3818
3653
3391
3023
2642
2256
1844
1367
892
509
197
-191
-687
-1159
-1629
-2050
-2461
-2938
-3290
-3467
-3535
-3509
-3345
-3069
-2721
-2272
-1845
-1392
-897
-454
-81
256
619
1052
1475
1777
1954
2198
2523
2690
2565
2286
2120
1963
1613
939
160
-437
-971
-1644
-2437
-3052
-3335
-3366
-3331
-3248
-2904
-2253
-1441
-662
52
837
1665
2387
2881
3248
3528
3685
3698
3636
3615
3485
3251
2909
2518
2135
1662
1095
511
-47
-671
-1282
-1855
-2331
-2666
-2913
-3114
-3278
-3254
-3109
-2866
-2549
-2157
-1669
-1222
-765
-326
86
469
784
979
1132
1428
1686
1722
1622
1699
1959
1998
1744
1455
1342
1264
869
181
-480
-926
-1393
-2065
-2814
-3390
-3612
-3613
-3551
-3411
-2975
-2222
-1389
-671
-41
674
1493
2157
2521
2864
3302
3649
3742
3666
3610
3658
3544
3176
2717
2244
1741
1094
331
-326
-930
-1551
-2147
-2690
-3076
-3332
-3446
-3473
-3396
-3147
-2746
-2259
-1773
-1295
-814
-367
-8
275
531
801
1006
1126
1377
1712
1924
1965
2038
2249
2348
2182
1846
1511
1291
869
108
-708
-1294
-1731
-2259
-2875
-3322
-3488
-3487
-3355
-3211
-2970
-2429
-1748
-1128
-512
164
930
1621
2145
2569
2969
3285
3398
3369
3280
3100
2759
2248
1696
1125
445
-272
-933
-1495
-1901
-2161
-2408
-2560
-2560
-2545
-2473
-2320
-2100
-1839
-1555
-1264
-921
-559
-197
158
521
909
1300
1613
1751
1921
2172
2477
2635
2571
2520
2701
2916
2790
2360
2012
1835
1485
671
-226
-858
-1303
-1795
-2488
-3045
-3284
-3285
-3267
-3186
-2900
-2302
-1564
-927
-264
528
1361
2053
2447
2602
2746
2851
2764
2320
1725
1191
739
240
-270
-679
-1053
-1296
-1548
-1702
-1766
-1863
-1975
-2055
-2085
-2099
-2095
-2142
-2121
-1956
-1692
-1353
-1003
-621
-218
202
552
823
1074
1229
1320
1389
1444
1502
1653
1844
1959
2028
2211
2512
2725
2788
2724
2529
2275
1854
1201
508
-173
-791
-1455
-2176
-2738
-3088
-3234
-3230
-3173
-2902
-2307
-1657
-1124
-570
96
749
1223
1418
1417
1383
1279
1038
731
434
153
-135
-443
-763
-995
-1154
-1296
-1442
-1561
-1616
-1596
-1417
-1207
-1032
-887
-712
-472
-240
-76
94
373
660
935
1117
1120
1114
1151
1191
1171
1054
967
1083
1373
1637
1802
1991
2343
2670
2745
2604
2445
2314
2052
1495
772
194
-334
-1002
-1855
-2661
-3196
-3527
-3694
-3766
-3673
-3261
-2584
-1885
-1270
-584
201
918
1385
1623
1788
1912
1824
1521
1285
1109
884
566
268
154
7
-250
-519
-698
-754
-867
-1131
-1364
-1378
-1291
-1313
-1467
-1517
-1468
-1386
-1274
-1176
-1075
-872
-626
-478
-361
-128
210
452
600
838
1312
1892
2257
2415
2662
3149
3559
3595
3389
3271
3272
2982
2186
1189
415
-125
-880
-1940
-2809
-3284
-3541
-3800
-4067
-4049
-3485
-2719
-2097
-1604
-976
-75
679
1081
1350
1730
2022
2063
1921
1695
1587
1492
1247
920
712
582
436
46
-415
-593
-697
-934
-1326
-1612
-1692
-1774
-1942
-2095
-2052
-1776
-1423
-1098
-773
-351
69
347
582
892
1215
1461
1563
1567
1638
1803
1929
1918
1947
2175
2346
2302
2161
1998
1881
1558
924
137
-638
-1317
-2041
-2865
-3669
-4191
-4438
-4494
-4456
-4229
-3596
-2763
-1952
-1259
-466
469
1170
1544
1768
2052
2365
2445
2207
1916
1825
1748
1525
1228
1017
989
964
735
422
187
30
-133
-453
-773
-956
-1011
-1056
-1214
-1319
-1168
-833
-524
-259
71
478
879
1127
1293
1506
1629
1632
1559
1425
1392
1417
1372
1230
1063
1032
1110
1027
763
523
462
393
-28
-606
-1106
-1517
-2033
-2708
-3322
-3690
-3779
-3716
-3490
-3159
-2526
-1488
-483
349
1126
1957
2702
3097
3143
3036
2870
2549
2030
1409
828
330
-125
-582
-921
-1068
-1081
-1096
-1181
-1145
-1032
-938
-948
-1024
-1064
-1090
-1169
-1304
-1417
-1427
-1302
-1073
-774
-444
-116
192
474
681
836
925
913
814
703
708
816
891
928
1101
1467
1800
2001
1965
1884
1920
1800
1447
913
363
-84
-655
-1391
-2008
-2314
-2314
-2173
-1985
-1708
-1182
-495
131
577
954
1364
1679
1655
1317
939
607
214
-241
-683
-1026
-1173
-1253
-1397
-1524
-1467
-1266
-1120
-1127
-1098
-1026
-957
-938
-986
-1017
-1008
-836
-596
-448
-230
154
630
1126
1444
1742
2026
2123
2043
1799
1470
1165
921
608
337
290
399
585
745
962
1440
1956
2252
2336
2367
2417
2317
1841
1071
383
-242
-1002
-1883
-2655
-3151
-3365
-3399
-3353
-3082
-2439
-1696
-1076
-563
-25
512
901
1111
1084
1062
1024
757
360
13
-245
-379
-506
-642
-667
-645
-588
-645
-804
-834
-780
-834
-1027
-1200
-1215
-1139
-1026
-884
-599
-186
215
473
622
769
970
1097
1041
868
715
561
347
188
79
210
540
845
1183
1496
1908
2418
2664
2660
2660
2661
2463
1898
1019
145
-516
-1212
-1981
-2645
-3115
-3235
-3176
-3017
-2734
-2174
-1418
-792
-392
-118
259
677
900
842
717
721
746
582
334
159
115
101
-28
-256
-461
-590
-677
-796
-895
-969
-975
-914
-906
-875
-752
-509
-231
-103
-48
94
277
356
357
358
305
196
103
-24
-129
-199
-280
-224
-3
368
749
1115
1532
2007
2511
2840
2949
2965
2993
2829
2277
1663
1156
631
13
-711
-1337
-1794
-2035
-2161
-2300
-2297
-1934
-1400
-982
-607
-108
472
884
959
853
872
880
571
-37
-609
-957
-1229
-1668
-2121
-2269
-2122
-1842
-1636
-1542
-1245
-780
-365
-213
-243
-258
-222
-118
-204
-284
-136
243
600
736
819
1055
1357
1545
1602
1565
1550
1462
1147
815
673
694
812
909
1034
1383
1809
2103
2173
2249
2448
2395
1912
1179
476
-181
-933
-1786
-2552
-2999
-3180
-3263
-3329
-3252
-2811
-2142
-1542
-1044
-576
-104
321
423
323
210
43
-192
-564
-953
-1141
-1228
-1315
-1339
-1200
-985
-803
-595
-400
-147
68
244
403
489
568
670
855
1072
1185
1273
1327
1329
1276
1092
815
514
322
124
-125
-281
-312
-359
-358
-241
39
340
544
790
1066
1476
1765
1896
1931
2062
2150
1902
1435
917
607
234
-335
-960
-1510
-1866
-2096
-2341
-2510
-2325
-1895
-1445
-1109
-829
-333
217
487
458
434
528
462
165
-164
-327
-329
-345
-428
-432
-211
-24
90
199
424
697
802
752
646
606
583
528
348
209
153
92
-43
-270
-456
-529
-616
-771
-875
-958
-1020
-1071
-1237
-1361
-1209
-854
-421
11
426
1021
1795
2483
2991
3282
3452
3575
3443
2947
2271
1538
836
136
-600
-1279
-1758
-1970
-2114
-2275
-2399
-2237
-1796
-1446
-1268
-1107
-863
-533
-360
-411
-381
-247
-238
-417
-625
-772
-824
-908
-1053
-980
-834
-800
-788
-712
-613
-528
-401
-278
-120
-33
-38
7
69
36
-23
-69
-41
5
-78
-167
-189
-150
-176
-192
-134
-31
122
260
481
805
1271
1837
2280
2675
3154
3660
4028
4090
3995
3906
3652
3110
2285
1389
608
-200
-1116
-2036
-2764
-3218
-3532
-3935
-4235
-4036
-3563
-3143
-2810
-2406
-1726
-1096
-732
-499
-145
234
361
315
271
420
599
570
574
807
1060
1187
1231
1259
1237
1254
1243
1178
1055
809
670
600
371
2
-301
-516
-739
-1016
-1352
-1662
-1832
-1927
-1964
-1868
-1757
-1534
-1188
-818
-399
95
801
1524
2076
2528
2919
3285
3506
3467
3232
3003
2793
2348
1623
799
151
-367
-990
-1625
-2120
-2411
-2624
-2884
-3125
-3119
-2854
-2521
-2155
-1695
-1125
-547
-157
101
428
675
727
643
553
562
553
427
248
221
293
319
355
416
505
633
764
801
700
548
424
263
56
-216
-521
-849
-1129
-1300
-1427
-1366
-1188
-990
-852
-673
-387
-135
69
159
264
461
826
1205
1374
1581
2026
2543
2928
3014
2987
3072
3091
2737
2007
1182
438
-315
-1268
-2278
-3115
-3637
-3984
-4270
-4351
-4015
-3381
-2791
-2245
-1619
-837
-95
325
557
887
1164
1146
946
784
735
781
713
606
701
851
922
819
657
615
538
324
41
-228
-415
-540
-714
-973
-1150
-1157
-1070
-981
-921
-802
-552
-262
-154
-111
41
268
490
583
671
939
1365
1833
2235
2547
2959
3485
3850
3889
3666
3355
3088
2619
1744
658
-277
-1031
-1862
-2858
-3719
-4188
-4303
-4300
-4290
-4093
-3579
-2834
-2138
-1556
-885
10
842
1355
1642
1933
2208
2244
2144
1985
1898
1819
1533
1154
903
861
852
720
386
111
-97
-438
-865
-1268
-1547
-1736
-1923
-2176
-2349
-2394
-2392
-2317
-2155
-1947
-1671
-1285
-930
-649
-394
-146
122
356
503
582
744
1038
1447
1819
2142
2425
2746
3114
3252
3217
3062
2833
2367
1571
718
-89
-811
-1503
-2257
-2852
-3181
-3359
-3379
-3299
-3028
-2533
-1833
-1144
-516
174
814
1358
1694
1927
2077
2029
1877
1581
1290
1142
915
621
371
256
144
-51
-237
-388
-506
-683
-901
-1009
-1050
-1103
-1159
-1255
-1300
-1307
-1304
-1334
-1339
-1305
-1274
-1171
-1043
-807
-586
-454
-333
-153
34
236
513
882
1413
1947
2361
2597
2951
3409
3679
3607
3391
3276
3073
2639
1952
1236
626
63
-662
-1461
-2029
-2416
-2697
-2838
-2864
-2748
-2349
-1809
-1292
-814
-351
171
585
772
850
967
959
773
487
272
104
-159
-513
-828
-942
-1079
-1192
-1263
-1244
-1175
-1163
-1062
-905
-736
-602
-472
-342
-240
-218
-167
-11
124
171
154
175
228
251
161
108
110
131
210
335
429
580
877
1254
1501
1686
1972
2229
2323
2158
1933
1794
1641
1182
540
25
-358
-815
-1442
-1948
-2170
-2245
-2254
-2160
-1981
-1592
-1056
-516
-32
364
747
1078
1284
1337
1388
1370
1223
988
679
433
219
-11
-313
-559
-693
-883
-1134
-1354
-1487
-1614
-1882
-2061
-2019
-1913
-1840
-1789
-1672
-1434
-1179
-1126
-1053
-826
-614
-456
-279
-47
259
525
750
996
1294
1607
1761
1817
1793
1853
2079
2320
2456
2565
2789
2938
2890
2683
2509
2377
2070
1457
719
166
-253
-749
-1288
-1730
-2044
-2284
-2407
-2439
-2340
-2036
-1674
-1325
-1110
-856
-426
-73
47
-35
-24
3
-63
-229
-339
-386
-549
-818
-1122
-1195
-1100
-999
-1032
-1008
-801
-640
-522
-341
-57
140
209
300
419
517
655
835
916
973
1035
1133
1233
1251
1242
1272
1270
1142
961
868
951
1059
1089
1192
1396
1653
1788
1836
1991
2113
2127
1919
1667
1454
1087
507
-168
-712
-1221
-1717
-2248
-2783
-3074
-3226
-3290
-3289
-3233
-3053
-2749
-2412
-2143
-1797
-1297
-834
-715
-736
-594
-378
-376
-553
-718
-783
-832
-962
-1021
-911
-693
-589
-500
-324
-107
107
308
498
695
861
899
973
1125
1213
1202
1257
1360
1465
1553
1585
1736
1914
2039
2051
2011
1928
1733
1529
1261
911
643
549
601
694
677
785
1117
1348
1348
1190
1123
1108
857
337
-215
-597
-942
-1453
-1990
-2396
-2653
-2803
-2953
-2960
-2876
-2633
-2263
-1874
-1498
-1152
-734
-366
-134
-49
30
83
56
-134
-300
-360
-336
-295
-362
-343
-340
-298
-215
-105
34
136
236
357
541
718
851
979
1146
1195
1085
989
972
966
888
786
674
523
372
256
183
121
-5
-84
-49
72
223
370
662
1019
1327
1567
1840
2229
2485
2528
2416
2299
2175
1801
1179
505
-43
-549
-1072
-1642
-2115
-2283
-2459
-2661
-2887
-2915
-2643
-2396
-2268
-2110
-1711
-1261
-1011
-999
-1042
-917
-781
-814
-915
-943
-802
-611
-490
-394
-130
125
241
254
317
557
803
860
776
760
728
783
806
792
857
843
810
754
685
690
640
439
292
239
200
81
-98
-123
-60
-37
-102
-42
231
509
706
827
1116
1553
1909
2010
1849
1768
1817
1721
1402
968
646
345
-171
-759
-1212
-1511
-1722
-1967
-2275
-2439
-2378
-2247
-2186
-2138
-1907
-1565
-1256
-1105
-941
-677
-529
-524
-554
-452
-244
-186
-246
-334
-364
-316
-336
-335
-296
-180
-11
128
267
415
637
806
822
808
775
797
853
911
1008
1112
1132
1055
1003
960
937
885
816
797
820
852
865
970
1057
1204
1362
1427
1548
1658
1829
1909
1847
1692
1562
1404
1115
647
146
-214
-582
-1084
-1660
-2035
-2327
-2525
-2641
-2601
-2315
-1971
-1678
-1473
-1284
-999
-726
-635
-603
-538
-435
-445
-552
-741
-849
-883
-962
-1013
-1088
-1025
-897
-778
-714
-538
-238
19
244
363
546
784
880
846
791
735
638
458
325
312
401
513
520
494
522
556
510
454
443
486
563
561
555
573
655
755
763
716
796
995
1135
1194
1148
1147
1203
1145
862
541
226
-188
-599
-970
-1298
-1649
-2005
-2188
-2239
-2200
-2076
-1941
-1715
-1395
-1087
-847
-621
-428
-320
-239
-193
-144
-60
65
105
41
-2
14
142
285
453
528
585
731
865
921
899
913
935
961
954
851
747
767
785
649
471
371
339
319
252
197
170
97
-11
-132
-279
-345
-293
-204
-104
29
183
261
324
474
702
870
855
787
763
718
510
163
-170
-482
-828
-1176
-1417
-1548
-1672
-1803
-1910
-1938
-1781
-1540
-1303
-1028
-701
-306
58
319
483
594
663
596
529
514
596
762
777
777
833
899
909
815
774
707
611
468
293
241
119
-122
-327
-449
-438
-356
-319
-316
-244
-33
142
258
323
349
373
300
156
34
-54
-138
-280
-445
-543
-511
-371
-256
-165
-43
172
319
350
339
308
269
154
-65
-335
-525
-661
-863
-1086
-1265
-1359
-1392
-1415
-1432
-1404
-1279
-1132
-933
-696
-383
-31
215
441
699
934
1046
1014
988
979
931
851
781
739
687
629
622
663
673
659
644
622
588
582
602
644
652
582
521
526
563
512
377
282
233
221
154
50
55
110
84
-11
-200
-361
-392
-429
-588
-745
-748
-667
-601
-583
-431
-160
74
156
90
127
274
299
88
-206
-354
-430
-619
-923
-1172
-1303
-1390
-1470
-1482
-1394
-1225
-1053
-888
-712
-424
-52
237
479
706
887
1009
1145
1240
1238
1231
1233
1180
1135
1058
940
766
589
414
261
140
15
-105
-247
-322
-378
-382
-345
-325
-287
-290
-273
-214
-81
27
28
37
66
107
141
117
69
14
-57
-145
-290
-416
-489
-414
-293
-196
-84
35
249
477
645
783
941
1063
1134
1100
981
786
485
51
-428
-876
-1233
-1487
-1694
-1875
-1956
-1874
-1701
-1552
-1413
-1158
-835
-536
-302
8
334
599
809
895
867
791
735
612
495
430
361
299
201
119
57
-2
56
119
147
248
397
593
682
650
582
575
580
464
341
248
175
117
53
-1
-25
-66
-123
-155
-243
-336
-439
-578
-605
-583
-474
-294
-83
192
518
877
1109
1233
1395
1575
1708
1651
1462
1213
866
408
-241
-901
-1434
-1831
-2109
-2347
-2374
-2178
-1915
-1659
-1529
-1349
-1001
-577
-213
100
404
712
894
881
747
533
399
226
31
-24
-14
77
187
266
315
306
332
329
357
525
676
747
673
559
551
572
530
460
386
377
391
232
26
-128
-246
-362
-520
-708
-790
-769
-779
-784
-739
-607
-534
-507
-433
-218
171
631
979
1183
1348
1477
1458
1246
1014
769
455
85
-340
-748
-1031
-1320
-1635
-1825
-1791
-1560
-1378
-1154
-795
-410
-14
267
419
539
588
573
522
421
267
76
-77
-179
-203
-161
-34
114
223
332
408
461
546
582
576
579
516
405
258
149
51
-57
-187
-327
-418
-472
-558
-707
-878
-999
-1078
-1119
-1115
-1053
-970
-882
-706
-569
-408
-135
158
429
700
1091
1511
1885
2144
2272
2391
2466
2390
2084
1770
1503
1109
541
-48
-450
-716
-929
-1121
-1249
-1141
-874
-680
-604
-512
-290
-62
34
-45
-162
-217
-270
-399
-616
-725
-751
-829
-913
-944
-881
-784
-654
-501
-410
-299
-131
5
103
145
195
271
228
87
-38
-113
-198
-329
-465
-442
-368
-355
-382
-430
-362
-316
-360
-484
-581
-588
-533
-445
-377
-232
-43
267
607
930
1333
1824
2314
2662
2890
3043
3119
3092
2937
2645
2291
1842
1279
680
180
-316
-871
-1423
-1893
-2207
-2364
-2347
-2260
-2156
-2034
-1858
-1631
-1389
-1172
-951
-696
-434
-301
-289
-279
-288
-332
-325
-267
-230
-193
-124
-81
-133
-166
-197
-326
-486
-568
-592
-591
-622
-761
-936
-1011
-915
-788
-698
-532
-307
-86
12
-6
-24
58
203
281
303
383
534
686
790
964
1238
1555
1868
2084
2347
2690
3050
3265
3204
3015
2889
2727
2359
1884
1391
943
539
-4
-584
-1042
-1391
-1631
-1914
-2071
-1998
-1858
-1704
-1638
-1559
-1403
-1229
-1061
-969
-955
-968
-991
-1079
-1164
-1190
-1178
-1137
-1096
-1029
-862
-647
-456
-299
-174
-45
29
26
16
-24
-39
10
-29
-121
-120
-30
56
85
101
220
372
408
350
326
337
349
293
207
189
202
281
338
381
558
846
1188
1490
1738
2069
2402
2568
2565
2510
2416
2208
1837
1301
776
302
-204
-716
-1187
-1582
-1842
-2046
-2253
-2409
-2426
-2278
-2068
-1885
-1660
-1340
-1065
-858
-685
-584
-523
-471
-471
-524
-576
-539
-458
-376
-310
-288
-248
-205
-163
-137
-126
-48
45
164
299
375
497
633
696
708
758
798
776
780
720
696
714
647
529
364
259
157
35
-72
-166
-207
-193
-128
0
229
576
945
1280
1560
1829
2091
2188
2161
2098
2008
1742
1263
723
256
-137
-566
-1058
-1519
-1903
-2157
-2341
-2534
-2641
-2605
-2478
-2353
-2216
-1972
-1585
-1209
-992
-801
-606
-385
-144
-64
-15
96
246
425
507
536
528
557
605
601
616
635
708
782
773
712
727
762
711
616
501
442
459
389
298
256
222
212
86
-107
-225
-251
-263
-327
-370
-325
-183
9
235
453
711
1078
1384
1602
1862
2160
2350
2346
2181
1973
1773
1439
954
395
-171
-648
-1144
-1661
-2132
-2467
-2636
-2823
-2970
-2980
-2853
-2657
-2442
-2138
-1851
-1556
-1220
-944
-728
-534
-312
-131
-14
71
126
212
269
288
329
418
543
624
727
760
753
771
711
624
503
403
301
125
20
-10
1
8
-56
-102
-92
-40
24
71
101
144
290
469
552
650
823
1031
1206
1338
1490
1643
1758
1863
1885
1904
2023
2031
1876
1698
1474
1207
871
430
-33
-435
-776
-1107
-1488
-1829
-2094
-2303
-2426
-2454
-2375
-2232
-2038
-1856
-1686
-1404
-1125
-924
-738
-627
-456
-279
-172
-128
-126
-58
31
172
272
276
300
288
242
197
197
190
171
128
21
2
40
80
50
-52
-105
-103
-104
-114
-143
-132
-54
72
168
252
358
415
503
562
570
647
734
770
836
944
1144
1357
1503
1617
1708
1874
1925
1765
1560
1345
1059
710
385
31
-262
-565
-938
-1300
-1705
-2015
-2301
-2557
-2666
-2732
-2590
-2325
-2030
-1713
-1409
-1109
-870
-635
-449
-278
-106
60
270
501
701
888
1031
1114
1162
1156
1154
1143
1106
1060
953
786
617
431
217
-34
-275
-439
-603
-705
-756
-768
-697
-647
-554
-397
-256
-141
24
236
460
645
712
735
793
824
876
943
1049
1190
1281
1378
1452
1470
1487
1460
1340
1152
882
608
349
38
-361
-803
-1237
-1671
-2034
-2344
-2597
-2718
-2843
-2904
-2800
-2620
-2334
-2023
-1670
-1268
-906
-569
-280
-2
294
545
738
892
966
974
987
996
982
1006
1049
1106
1103
1097
1140
1116
1047
988
940
851
729
529
327
208
87
-81
-295
-412
-470
-520
-476
-443
-408
-286
-75
132
274
368
406
510
648
763
920
987
979
1009
1045
1053
973
893
845
775
773
722
597
453
266
-21
-390
-716
-980
-1268
-1580
-1810
-1942
-2066
-2172
-2227
-2210
-2112
-2018
-1880
-1694
-1469
-1220
-933
-648
-453
-266
-72
106
262
404
529
678
800
808
871
973
1044
1046
1013
1049
1055
1068
1025
874
788
711
553
384
221
149
57
-83
-179
-302
-351
-319
-324
-327
-308
-232
-84
11
72
104
165
223
272
329
343
360
391
565
746
852
996
1080
1127
1113
1006
862
704
552
307
78
-150
-436
-721
-947
-1138
-1404
-1595
-1725
-1880
-1947
-1879
-1749
-1608
-1388
-1168
-929
-623
-401
-151
18
122
247
288
383
445
516
633
731
848
858
875
900
773
650
529
370
228
114
-1
-76
-79
-140
-190
-149
-57
67
191
280
354
369
332
331
370
403
455
546
526
439
383
310
263
241
246
269
301
399
431
499
673
702
646
625
531
414
329
108
-224
-526
-789
-1041
-1328
-1568
-1690
-1785
-1865
-1890
-1827
-1702
-1436
-1135
-924
-654
-365
-106
113
239
388
543
626
604
556
575
637
706
745
802
827
877
862
697
581
527
479
410
314
237
178
68
-76
-220
-325
-405
-405
-382
-345
-291
-241
-133
-115
-101
-89
-89
5
77
75
93
163
173
174
221
284
338
453
536
562
599
632
682
662
502
349
198
42
-180
-477
-707
-941
-1122
-1224
-1293
-1332
-1360
-1370
-1377
-1323
-1195
-955
-688
-489
-238
-3
165
336
462
550
608
641
681
694
706
739
741
806
923
999
1019
1020
1071
1041
949
859
738
648
520
313
181
60
-75
-237
-417
-532
-588
-640
-686
-652
-588
-569
-608
-596
-516
-469
-450
-394
-333
-247
-153
-44
103
256
444
577
627
673
720
735
695
592
448
323
200
20
-136
-263
-441
-620
-764
-900
-982
-996
-1027
-977
-879
-824
-692
-525
-319
-112
51
240
426
532
599
687
699
715
723
673
653
616
534
422
300
178
56
-21
-96
-168
-189
-260
-309
-340
-390
-431
-429
-388
-379
-324
-276
-220
-155
-119
-106
-101
-139
-145
-140
-145
-133
-169
-169
-142
-123
-109
-115
-105
-58
59
184
267
378
471
531
604
617
610
582
522
446
343
260
197
112
39
-41
-110
-183
-245
-282
-295
-275
-244
-242
-246
-204
-151
-70
4
90
178
242
309
346
379
449
470
420
359
260
180
123
18
-121
-233
-385
-503
-584
-724
-784
-805
-803
-792
-719
-603
-445
-273
-164
-28
76
215
344
417
472
485
433
394
374
319
306
247
184
131
99
124
155
193
205
243
293
283
280
250
214
215
139
29
-36
-129
-179
-194
-266
-281
-248
-243
-219
-212
-163
-97
-93
-101
-71
-11
31
67
33
1
46
51
25
-6
-30
-48
-83
-78
-52
-38
-91
-141
-144
-177
-181
-199
-288
-344
-370
-355
-304
-229
-113
-22
32
91
208
256
222
219
216
215
171
142
126
132
144
128
127
105
77
86
61
-11
0
43
71
111
197
238
241
206
171
166
42
9
-11
-109
-160
-245
-329
-345
-310
-267
-186
-124
-62
1
34
43
102
131
128
67
-30
-61
-107
-86
-27
52
52
34
79
81
34
38
-12
-128
-149
-170
-134
-148
-152
-154
-182
-162
-165
-117
-114
-99
-141
-132
-11
104
215
273
274
259
326
365
369
386
341
246
178
156
105
23
-12
-58
-83
-60
-26
25
40
65
73
73
104
85
104
107
103
73
101
120
115
140
71
-13
-123
-176
-164
-157
-147
-113
-138
-186
-182
-175
-135
-143
-99
-33
-15
22
34
79
60
78
113
36
-36
-125
-176
-236
-309
-307
-323
-363
-306
-287
-216
-194
-232
-167
-181
-101
-54
-37
12
13
104
154
119
129
102
67
14
-71
-56
-21
77
161
222
305
304
339
304
224
236
263
337
353
310
254
208
102
-6
-66
-139
-177
-194
-134
-42
58
58
-6
-36
-122
-206
-285
-340
-375
-337
-265
-218
-197
-168
-150
-144
-83
-66
-43
-51
-77
-110
-66
17
58
67
127
175
215
300
336
299
156
86
27
-2
2
32
102
185
333
329
329
331
225
152
74
5
-37
-129
-226
-277
-250
-163
-149
-126
-94
-94
-55
-19
14
-4
-52
-23
-37
17
104
136
215
191
225
248
206
158
18
-71
-139
-173
-125
-76
-16
26
30
63
45
-20
-85
-168
-111
-122
-192
-187
-143
-60
-31
-4
0
-7
2
-65
-92
-94
-151
-224
-276
-231
-169
-74
-4
28
59
103
129
105
63
68
34
6
36
63
56
30
39
26
47
119
117
93
68
83
149
133
97
74
55
16
18
48
39
30
-47
-96
-90
-90
-63
-49
11
8
-10
-6
-75
-114
-107
-111
-59
-8
28
34
-28
-138
-200
-207
-201
-135
-98
-76
-9
59
85
77
81
90
30
-2
-10
-32
-31
-56
-121
-177
-221
-242
-249
-215
-175
-131
-71
-39
-26
-40
-15
39
129
195
250
312
329
398
440
427
395
301
239
231
233
233
238
190
142
142
95
82
54
28
-36
-52
-13
-44
-31
-75
-123
-172
-215
-151
-105
-67
-79
-113
-77
-73
-41
-39
-78
-58
-101
-15
23
99
150
98
107
78
89
72
48
-22
-70
-124
-117
-94
-97
-94
-99
-57
-98
-78
-106
-161
-185
-240
-227
-238
-246
-275
-254
-210
-188
-140
-115
-68
-3
18
98
144
170
144
100
139
99
109
109
104
129
157
204
210
291
261
249
201
119
73
-11
-46
-57
-16
-51
-51
-56
-56
-38
-72
-110
-181
-170
-181
-198
-177
-200
-218
-207
-227
-204
-148
-152
-110
-86
-73
-56
-36
-35
3
58
82
105
108
132
117
132
114
123
154
161
196
139
123
114
123
88
88
101
104
116
111
123
127
190
164
155
181
77
71
11
-72
-83
-112
-83
-102
-81
-10
10
58
81
71
68
48
71
68
57
69
63
53
1
-61
-95
-162
-236
-224
-237
-200
-196
-204
-140
-163
-173
-152
-114
-134
-74
-72
-58
-12
-22
35
-4
47
22
21
31
26
107
98
104
136
161
147
90
95
85
82
90
91
90
84
57
32
77
66
94
61
51
37
20
-2
-7
54
19
4
-3
1
44
69
70
90
70
49
18
-58
-114
-194
-198
-221
-173
-121
-110
-72
-127
-96
-125
-140
-149
-141
-129
-183
-196
-223
-190
-166
-167
-135
-117
-120
-140
-181
-186
-152
-135
-67
-17
62
121
145
197
233
247
281
307
287
268
225
242
242
187
133
110
140
117
136
106
87
45
-20
-16
-28
-14
-26
-19
-5
-25
-25
-20
-23
-16
-18
-2
6
63
62
-4
-35
-66
-74
-107
-115
-126
-133
-141
-160
-137
-141
-146
-95
-89
-41
-5
9
4
-13
26
25
51
60
36
45
2
8
57
78
137
117
119
125
109
129
93
76
56
72
78
55
72
86
87
116
155
131
151
120
102
53
-21
-67
-111
-139
-157
-130
-106
-84
-84
-18
32
58
107
111
60
9
-81
-142
-159
-136
-62
6
79
113
168
108
26
-46
-124
-153
-196
-225
-206
-247
-260
-247
-248
-174
-130
-69
-43
-44
-26
-56
-127
-166
-171
-152
-101
-53
17
11
7
48
93
131
138
158
132
111
70
30
5
54
115
112
121
129
122
95
93
53
8
13
-27
-16
57
55
115
157
176
151
123
94
47
46
21
22
-21
-41
-79
-82
-92
-149
-157
-191
-173
-129
-100
-54
7
-5
10
85
92
103
52
17
3
38
69
100
107
89
4
-77
-68
-69
-28
-48
11
-32
-28
-27
-51
7
20
26
-16
-45
-58
-38
-57
22
15
-2
18
-13
26
26
96
112
121
129
138
106
64
75
66
69
93
131
91
103
118
92
86
69
29
-12
-69
-121
-139
-147
-101
-59
-26
-20
-5
-46
-103
-145
-195
-207
-241
-242
-227
-189
-142
-33
32
65
85
73
84
96
107
103
67
-3
-40
-107
-133
-124
-104
-34
8
46
19
-10
7
6
-4
-25
-28
-55
-57
-24
41
46
65
72
32
14
47
95
80
97
72
63
8
2
27
28
35
13
43
28
47
69
58
75
102
87
89
39
-17
-39
-94
-64
-95
-82
-22
-40
-19
-12
-32
-24
-45
-42
3
-22
-54
-108
-99
-83
-113
-80
-24
33
45
26
6
0
-3
-25
-110
-179
-176
-126
-63
-17
-6
-43
-7
17
57
109
143
127
122
116
78
92
55
76
82
33
39
11
-31
-49
-12
53
81
53
54
58
43
17
35
38
25
21
-10
8
57
152
188
189
167
124
50
-12
-69
-133
-107
-87
-18
38
69
140
180
188
198
178
84
33
-77
-100
-145
-236
-226
-308
-245
-201
-198
-166
-143
-121
-88
-97
-111
-75
-80
-55
-58
-73
-48
-33
-1
51
73
124
109
126
123
88
122
130
122
73
82
51
-44
-13
-8
-72
-51
-95
-112
-74
-139
-68
-24
-19
27
36
32
1
-6
-84
-101
-107
-109
-109
-134
-80
19
127
193
144
80
49
-23
-21
-58
-47
-16
-15
34
32
62
54
-16
-33
-23
-51
-58
-58
-64
-51
-35
-64
-22
17
18
51
7
86
141
82
104
117
79
38
-20
-5
47
44
67
62
59
78
82
55
60
102
59
14
-61
-80
-84
-139
-100
-88
-17
80
132
211
276
247
187
113
29
-15
-65
-57
-36
11
21
18
22
-5
2
-33
6
-28
-50
-61
-129
-75
-51
-44
-41
-62
-49
-77
-117
-68
-44
-14
3
-41
-87
-122
-187
-211
-202
-223
-178
-158
-144
-96
-59
-3
24
13
39
40
51
114
119
124
112
14
-50
-40
-5
29
75
64
78
109
71
99
94
135
179
124
117
119
79
68
27
-4
34
7
59
85
103
176
126
91
78
-12
-89
-122
-139
-72
-18
-67
-56
-104
-125
-83
-78
-13
-14
-64
-59
-74
-105
-43
-41
-90
-74
-73
-15
57
31
49
31
-27
-56
-97
-93
-87
-105
-71
-51
-55
-11
37
66
96
83
61
66
19
25
12
-38
-13
-50
-41
-77
-82
-17
9
4
26
44
36
54
35
18
3
-51
-53
-17
3
41
47
25
43
10
12
46
42
97
69
69
67
20
14
-11
40
58
61
16
-8
3
-26
4
20
25
-15
-1
8
17
30
15
31
32
39
64
47
-3
-35
-25
23
57
80
119
120
103
82
45
12
-8
27
82
88
79
36
16
7
11
32
6
-19
-54
-104
-159
-164
-142
-148
-153
-160
-175
-155
-154
-135
-117
-124
-172
-191
-194
-227
-171
-145
-116
-48
-2
52
22
2
36
50
29
14
0
-5
30
72
129
117
82
111
181
243
285
278
256
200
138
166
117
74
52
1
9
28
-3
-12
-53
-111
-80
-60
-10
-32
-47
-52
-72
-75
-109
-129
-179
-194
-138
-67
-2
37
33
55
47
90
125
77
78
15
-36
-58
-71
-52
-37
-12
37
83
62
66
83
77
19
-33
-20
-27
-60
-31
-1
3
-37
-67
-101
-122
-108
-103
-11
-15
-10
9
-39
-33
-28
9
48
41
-1
-4
-2
-16
6
44
149
206
174
182
156
103
71
36
-4
-41
-116
-94
-116
-127
-77
-75
-69
-84
-77
-58
-71
-95
-72
-39
-33
-61
-70
-66
-19
39
97
143
136
122
67
36
80
72
55
34
24
92
144
202
214
170
108
47
7
-7
16
31
64
66
22
-3
-41
-80
-90
-68
-26
-19
-21
-40
-70
-71
-125
-106
-94
-132
-105
-81
-61
-65
-10
26
-5
-42
-80
-99
-57
-61
-37
-8
-40
-82
-104
-84
-92
-70
-16
22
19
11
-14
-51
-72
-71
-61
-3
51
110
137
96
66
54
107
104
67
58
72
107
100
75
32
8
28
41
36
49
27
-9
-4
-43
-65
-64
-43
-39
4
13
-22
33
8
-34
-38
-43
-27
-32
-29
-21
-32
-68
-85
-61
-30
-17
-10
34
79
53
-12
-48
-38
-8
-3
5
18
-6
-16
-30
-13
6
17
3
2
34
41
102
130
120
99
79
78
69
51
30
27
44
28
27
40
48
55
50
42
39
17
-34
-39
-15
20
36
37
41
28
21
27
25
1
-13
-35
-56
-109
-107
-99
-101
-61
-23
12
-5
-23
-53
-95
-134
-152
-166
-147
-119
-91
-58
-62
-76
-81
-73
-47
-26
-33
6
47
17
23
17
-38
-8
21
16
89
131
135
103
41
59
94
116
159
148
103
83
34
-35
-61
-90
-68
-53
-44
-9
-27
-19
23
4
30
6
-17
2
-7
30
20
49
3
-28
-10
-27
-24
4
50
63
99
69
59
83
55
25
12
-8
-18
17
28
13
-29
-55
-64
-97
-124
-160
-146
-150
-145
-90
-82
-60
-68
-80
-83
-83
-40
2
38
58
32
15
-7
59
102
85
34
8
90
94
84
29
16
24
14
55
85
59
41
14
-20
17
31
14
40
16
29
78
62
58
52
27
-4
-14
-46
-23
-14
23
14
27
22
-5
23
18
53
59
49
28
39
-10
-19
-9
2
23
51
40
25
77
49
56
-2
-13
-32
-9
-12
-84
-76
-79
-78
-102
-131
-141
-168
-158
-95
-48
-10
-33
-67
-52
-65
-85
-115
-75
-79
-69
-31
-16
76
61
30
22
-20
12
2
-3
2
8
62
59
71
53
37
22
3
50
50
65
28
-15
7
3
23
61
32
13
8
-9
-20
-54
-43
-38
-17
-5
2
28
44
35
14
31
24
32
39
52
78
92
81
59
35
38
45
34
14
-48
-96
-139
-141
-90
-32
13
15
68
79
61
19
9
39
-10
3
-31
-64
-47
-74
-16
27
25
53
67
125
109
100
109
72
62
13
-19
-35
-28
-25
-62
-39
-100
-53
10
-60
-33
-64
-91
-60
-48
-52
-73
-35
-40
-71
-73
-88
-88
-66
-39
-7
41
69
37
29
19
6
61
89
73
53
46
16
41
58
27
52
48
35
60
43
28
23
-5
5
-16
-22
-50
-71
-62
-70
-21
-7
9
17
-8
30
26
2
-30
-75
-56
-91
-58
-67
-39
-4
-4
18
-3
-9
-23
-32
-43
-61
-23
-20
-42
-12
-14
10
27
80
89
100
99
37
33
-17
-8
13
-25
-15
-3
12
42
20
35
72
86
47
-10
-29
-14
23
-21
-5
28
22
32
32
47
58
59
62
14
1
11
-10
-20
-30
-42
-38
-3
-2
-29
-17
-24
-14
-11
-41
-26
-11
-74
-136
-106
-84
-68
-41
-57
-42
-34
-46
-20
-6
-4
-23
-19
-1
4
16
38
107
121
75
6
-36
-7
2
44
37
64
86
38
86
67
74
129
102
75
69
39
38
26
15
-7
18
47
36
51
-6
-30
-59
-33
-10
-50
-46
-67
-99
-63
-39
-21
-12
-44
-69
-43
-26
-38
-23
-6
-22
-33
-57
-71
-97
-138
-148
-143
-81
-36
18
64
70
80
39
23
-34
-86
-94
-99
-86
-71
-27
11
24
67
93
94
72
55
43
-1
-10
21
27
10
-5
7
8
47
87
97
132
135
129
92
75
36
5
-3
-43
-38
-33
-13
27
65
91
50
23
28
8
10
12
-29
-41
-13
-33
-33
41
22
27
39
13
20
-19
-3
-39
-125
-141
-168
-150
-131
-113
-83
-91
-61
-51
-8
31
-8
-31
-24
43
103
115
113
93
67
24
-12
-28
5
57
27
59
73
61
52
33
8
-75
-35
4
11
100
68
53
33
26
39
-26
-3
-5
-19
-5
-48
-95
-140
-126
-111
-76
-28
-30
1
-17
-56
-62
-47
-4
2
-5
-1
2
14
61
95
78
62
17
-35
-6
72
122
113
60
35
-19
-59
-43
-38
-17
-7
1
6
3
18
-5
-34
-47
-29
-24
-20
4
4
-2
-8
-37
-61
-20
-3
54
107
99
75
34
21
-31
-75
-37
-37
-42
2
-22
-27
-36
-52
-32
-2
40
1
-36
-102
-143
-169
-192
-138
-106
-67
1
35
93
131
162
168
90
78
53
73
104
117
121
40
2
-25
-46
18
70
109
154
178
124
16
-55
-130
-155
-187
-219
-201
-173
-102
-61
-24
-14
-17
29
27
75
112
91
100
45
3
-12
-38
-23
-7
57
114
126
108
74
116
128
83
61
8
-24
-66
-83
-47
-19
7
-25
-22
-57
-52
22
6
-15
-40
-49
-25
6
19
38
3
-22
-29
-47
-3
31
25
81
67
30
44
11
-14
-72
-93
-121
-128
-41
-13
54
74
46
57
15
18
-23
-60
-36
-52
-21
-48
-105
-135
-165
-95
-26
64
65
33
36
-6
5
-42
-99
-117
-188
-190
-155
-96
-16
25
44
17
14
23
76
99
52
39
-4
-26
10
11
23
52
61
96
134
167
114
62
4
-56
-26
16
37
12
-25
-37
-99
-64
-25
-3
43
68
106
84
127
92
49
35
-3
28
27
30
40
37
49
69
62
66
54
31
35
1
-15
25
18
21
46
15
-26
-66
-102
-124
-89
-26
13
-34
-35
-43
-42
24
1
-6
-26
-7
-1
25
92
58
41
24
48
79
80
58
-23
-19
-50
-49
-16
-16
-45
-80
-90
-106
-69
-85
-89
-103
-132
-167
-179
-147
-128
-99
-80
-51
-76
-69
-44
-80
-72
-20
65
113
124
92
29
8
24
43
70
33
6
-7
20
110
141
174
167
138
82
81
97
43
30
-6
-11
39
66
101
114
78
126
122
118
128
27
-23
-76
-84
-53
-70
-108
-136
-118
-93
-104
-108
-140
-149
-125
-106
-31
-31
-55
-75
-87
-79
-63
-3
2
21
-5
10
63
66
104
97
51
58
89
63
65
55
9
-33
-27
-15
-2
14
25
52
51
41
43
7
-18
-19
-27
-62
-115
-95
-63
-21
15
21
18
-20
-6
-4
-24
9
29
16
22
42
33
51
47
34
32
16
2
-7
-34
-33
-45
-38
21
10
4
-11
-2
34
66
98
86
54
46
27
11
29
70
76
98
94
57
27
-19
-44
-67
-85
-48
-42
-53
-58
-76
-108
-178
-167
-139
-114
-92
-95
-81
-53
-39
-23
29
5
14
20
5
43
61
89
130
153
144
145
87
84
85
64
78
53
105
119
73
31
-8
-39
-36
-6
-22
-47
-82
-129
-133
-139
-120
-98
-104
-92
-107
-104
-84
-47
-33
-43
25
52
97
133
87
88
93
93
114
123
101
82
40
5
-10
-45
-31
-43
-71
-81
-83
-116
-160
-127
-134
-132
-79
-114
-106
-84
-119
-73
-90
-42
18
31
41
14
3
15
78
80
121
174
149
130
78
24
-21
-26
-10
11
79
57
57
21
-12
-4
-22
25
13
29
5
-39
7
-50
-42
-25
-30
43
59
134
94
95
71
18
81
27
67
39
-18
48
52
118
143
126
89
48
17
-16
27
8
1
-31
-67
-28
-51
-24
-22
-41
-30
-44
-31
-31
-13
-31
-76
-74
-129
-141
-106
-86
-33
-65
-70
-33
-80
-43
-37
-56
-74
-112
-45
-32
-43
-45
-118
-130
-110
-86
-11
52
91
75
65
83
64
83
81
69
44
3
41
113
136
173
193
161
132
75
36
11
-17
-28
-53
-36
-19
-20
34
38
20
-4
-45
-45
-60
-58
-40
-60
-27
-22
-45
-47
-85
-83
-89
-54
-52
-91
-45
-52
-45
28
23
25
3
-44
-64
-105
-65
-16
26
73
67
27
-36
-23
-2
-2
10
2
-1
-10
1
-19
-2
20
68
105
68
75
26
-26
-29
-42
-4
10
-14
-14
-6
4
21
90
114
91
73
12
15
1
-29
15
29
50
89
110
121
111
70
14
2
-13
-28
-13
4
-29
-56
-56
-111
-64
-67
-66
25
21
45
81
92
122
75
20
-28
-69
-55
-79
-71
-60
-47
-5
4
12
3
-9
-26
-20
-4
-22
-55
-66
-99
-93
-59
-44
19
30
43
43
19
45
0
-24
-39
-72
-68
-51
-12
30
64
60
65
43
39
55
59
43
37
21
4
21
-4
3
24
35
24
35
40
18
-19
-53
-53
-55
-34
-20
-31
-35
-57
-59
-51
-47
-31
-31
-39
-37
-43
-43
-48
-39
4
-14
3
9
-13
-15
-16
-10
-10
16
18
51
69
50
51
25
-3
-8
-18
-2
9
17
23
14
7
-1
20
25
23
14
-16
-5
-6
8
16
-1
18
16
17
32
8
1
-16
-49
-38
-59
-74
-52
-32
-13
-5
-12
-30
-50
-56
-77
-53
-18
16
71
65
66
41
21
54
69
94
113
126
125
107
70
57
60
35
32
41
33
47
53
39
24
-5
-35
-58
-55
-50
-37
-15
-19
-10
-18
-37
-34
-44
-54
-52
-40
-46
-54
-57
-74
-70
-36
-12
25
39
67
74
60
49
23
28
6
-5
-11
-27
-5
3
21
52
60
55
58
50
19
-12
-27
-62
-97
-99
-98
-68
-35
-8
-10
-8
-8
-25
-20
-47
-81
-91
-104
-111
-95
-68
-35
-8
-2
27
42
27
20
14
-17
-12
0
7
46
66
69
40
18
25
37
65
71
64
65
44
48
54
46
52
19
-6
-33
-33
-29
-49
-35
-55
-83
-97
-100
-64
-7
25
43
47
27
-18
-64
-87
-92
-82
-81
-48
-15
1
30
51
61
63
60
55
46
10
-33
-42
-28
8
50
83
89
85
56
56
56
51
55
44
16
-13
-3
3
26
40
43
37
13
0
21
32
40
47
-5
-49
-58
-51
-57
-50
-26
-15
-15
-12
-1
-10
-1
-13
-33
-28
-9
15
30
39
49
54
62
73
70
50
20
-12
-37
-52
-45
-19
-7
0
2
32
24
-14
-27
-38
-48
-54
-63
-84
-78
-67
-59
-51
-58
-57
-25
-19
5
16
1
-4
-9
-9
-12
-2
23
62
75
86
77
60
42
36
17
-8
-6
1
19
23
27
0
-31
-33
-17
-32
-34
-41
-58
-61
-61
-24
-15
-28
-34
-67
-60
-36
-38
-34
-41
-48
-53
-58
-50
-11
-7
18
57
80
109
133
115
79
52
23
4
-9
-1
-9
-19
-15
-11
-9
0
11
-17
-40
-43
-53
-16
-21
-18
-27
-44
-18
3
21
39
65
64
73
81
74
82
68
50
34
14
4
5
-10
-6
15
15
26
37
40
41
28
3
-10
-53
-55
-35
-24
-7
0
-19
-41
-33
-18
-24
-29
-20
-26
-17
-14
-23
-28
-58
-24
0
-2
14
7
28
52
61
76
65
49
37
12
-5
-9
15
33
41
50
28
49
60
50
48
37
14
10
9
-25
-24
-39
-42
-35
-33
-29
-27
-37
-65
-58
-51
-76
-74
-75
-70
-33
-14
-27
-15
-10
-11
-21
-35
-28
-32
-27
-14
0
-3
-1
5
15
-5
2
18
31
45
20
9
-7
4
6
5
32
35
32
12
-30
-48
-52
-70
-88
-87
-48
-15
5
32
36
55
57
38
15
-4
-9
-26
-40
-13
25
47
65
62
45
20
11
7
-9
-3
-1
-7
8
-11
-26
-25
-1
21
38
24
21
45
24
18
3
-13
-27
-33
-45
-33
-14
2
12
3
29
49
64
42
43
50
23
11
-30
-48
-39
-47
-38
-28
-13
25
15
10
2
-22
-17
-14
-2
-10
-1
23
28
52
58
61
60
55
47
24
2
-9
-18
-20
-2
-7
-6
-10
-8
1
27
31
16
11
13
12
3
5
-8
-20
-32
-50
-29
-14
5
20
3
14
-7
-19
-31
-24
3
1
27
25
2
-9
-37
-43
-30
-35
-11
8
22
41
42
38
23
26
11
-2
-5
-11
-16
-25
-50
-41
-38
-54
-54
-68
-70
-44
-33
-52
-20
-24
-37
-34
-25
-12
5
4
-26
-11
-19
-2
4
11
12
0
-15
-34
-15
-14
-10
-4
27
44
34
4
-10
-1
21
30
33
47
38
36
5
-9
-8
-12
4
-2
13
14
-15
-28
-41
-62
-51
-32
-23
1
18
28
45
36
24
16
9
-5
-10
-8
-4
-1
20
37
50
74
55
58
37
37
43
49
57
43
47
33
41
49
56
72
54
38
13
-1
16
21
36
49
46
34
14
-3
-9
-8
-24
-15
-17
-42
-32
-36
-46
-35
-41
-53
-54
-56
-59
-63
-47
-46
-16
-3
-38
-61
-95
-75
-34
-32
3
20
24
34
4
4
-2
3
-11
-25
-23
-34
-26
-35
-14
17
25
35
42
39
20
7
-28
-21
-17
-25
-8
-19
-6
8
20
16
26
19
-8
-14
-32
-17
18
36
36
46
21
-6
6
-18
-12
-13
-9
-3
-26
-31
-41
-51
-35
-18
-1
12
23
30
4
-14
-22
-12
9
19
34
31
11
6
2
8
15
9
-17
-47
-42
-56
-51
-35
-34
-11
-4
-2
26
29
30
36
33
41
49
34
28
53
42
58
70
54
71
53
13
5
1
-3
7
13
7
4
20
6
-8
-51
-68
-62
-68
-52
-29
-14
-4
-7
-22
-15
-12
-23
-39
-19
7
12
10
-16
-23
-21
-20
-6
8
29
45
49
43
43
21
3
5
2
25
59
60
28
23
3
-10
4
1
7
11
0
10
29
43
41
34
26
47
54
50
33
9
0
-25
-35
-42
-61
-84
-78
-62
-34
-9
7
-9
-29
-54
-65
-71
-77
-83
-89
-79
-82
-68
-63
-48
-29
-31
-16
13
21
33
21
2
0
-8
-13
-18
-9
33
47
67
107
121
131
113
97
72
58
63
39
18
-1
-18
-21
-25
-21
-7
14
36
47
34
10
-9
-35
-39
-51
-72
-76
-70
-54
-37
-20
-10
8
27
36
36
27
8
-12
