0
0
0
0
-1
0
1
0
0
0
0
0
-1
0
0
0
0
0
0
0
1
0
0
0
0
0
-1
0
0
0
0
0
1
0
0
0
0
0
0
0
1
0
-1
0
-1
1
0
0
0
0
-1
0
-1
0
0
0
0
-1
1
0
0
0
1
0
-1
0
1
1
0
-1
0
0
0
0
0
0
0
0
-1
0
0
0
0
1
-1
0
0
-1
0
0
0
0
0
1
1
0
0
0
-1
-1
0
0
0
1
0
0
0
0
0
0
1
0
0
-1
0
0
1
0
0
0
0
0
1
0
0
-1
0
0
0
0
0
0
0
0
1
0
0
0
0
0
0
0
0
1
0
0
0
0
0
0
-1
0
0
0
0
1
0
0
1
0
0
0
1
-1
0
-1
0
0
0
1
0
0
0
0
0
0
1
0
0
0
0
0
0
0
0
0
-1
0
0
0
1
0
0
0
1
0
0
0
0
0
0
0
0
0
0
1
0
1
0
-1
0
0
-1
0
0
0
-1
0
0
0
-1
0
-1
1
-1
1
0
0
0
0
0
1
0
1
0
0
0
0
0
0
0
0
0
0
0
1
0
0
-1
0
0
0
0
0
0
0
0
0
0
-1
0
0
1
0
0
-1
0
0
0
0
0
0
0
0
-1
0
1
0
0
0
0
1
0
0
0
0
0
-1
0
0
-1
0
0
0
0
0
0
0
0
0
0
0
1
1
1
1
0
0
-1
1
0
0
0
0
0
0
0
0
0
0
0
0
1
0
0
1
0
1
0
0
1
0
0
0
0
1
0
0
-1
0
0
1
1
0
0
-1
0
-1
-1
0
0
0
1
1
0
-1
0
1
0
0
0
0
1
0
1
-1
0
1
0
0
0
-1
0
0
0
1
0
-1
0
-1
-1
0
0
1
0
0
0
1
1
0
0
1
1
-1
0
-1
0
0
0
1
0
0
0
0
-1
0
0
-1
0
0
-1
-1
1
0
0
0
0
-1
0
1
0
0
0
-1
1
0
1
0
1
-1
0
0
0
-1
0
0
0
0
0
0
0
0
0
0
0
0
0
0
0
0
0
1
0
0
0
0
1
0
0
0
0
0
0
0
0
0
0
0
0
0
0
0
0
0
0
0
0
1
0
0
0
0
-1
0
0
1
0
0
0
0
0
-1
0
0
0
0
0
0
-1
0
0
-1
0
0
0
-1
0
0
0
0
-1
0
0
0
0
0
0
0
0
0
0
0
0
0
0
0
-1
0
0
0
-1
0
-1
0
-1
0
0
0
0
1
0
0
0
0
-1
1
0
0
0
0
0
1
0
0
0
0
0
0
1
0
0
0
0
-1
0
-1
0
0
0
0
0
0
0
0
0
0
0
0
0
0
0
0
0
1
0
1
1
0
1
0
0
0
0
0
1
0
1
0
0
0
1
0
0
-1
0
0
1
0
-1
0
0
0
0
-1
-1
1
0
0
1
0
0
1
0
0
0
-1
1
0
0
0
0
0
0
-1
0
0
0
0
0
0
0
0
0
0
0
0
0
0
0
0
0
0
0
0
-1
0
-1
0
-1
0
0
0
0
0
-1
0
-1
1
0
0
0
0
0
-1
0
-1
0
-1
0
0
0
0
-1
0
-1
0
1
0
0
0
0
0
0
1
0
0
0
0
0
0
-1
0
0
0
0
0
0
0
0
1
0
1
1
0
0
0
0
0
0
0
0
0
0
1
0
1
0
0
0
0
0
0
0
1
0
0
0
1
0
1
1
0
0
0
0
-1
0
0
1
0
0
0
0
0
0
0
0
0
0
0
0
0
-1
0
0
0
0
0
0
0
0
0
-1
0
1
0
0
0
0
0
0
0
-1
1
0
0
0
1
0
1
0
0
0
0
0
0
0
-1
0
1
0
0
0
1
0
0
0
0
-1
1
1
0
0
1
0
0
0
0
0
0
0
0
-1
0
0
0
0
1
0
0
0
0
0
0
-1
-1
1
0
0
1
0
0
-1
0
-1
1
0
1
0
0
0
0
1
-1
0
0
0
0
0
0
0
0
0
0
0
0
0
0
-1
0
0
0
0
1
0
0
0
0
0
0
0
0
-1
0
0
0
-1
0
0
1
0
-1
0
0
0
0
1
1
1
0
0
-1
0
0
-1
0
0
0
0
-1
0
0
0
0
0
0
1
0
0
0
0
0
1
0
0
0
0
0
0
0
-1
1
-1
0
-1
0
0
0
0
-1
0
0
0
0
0
0
0
0
0
1
0
0
0
0
0
0
0
0
0
0
0
0
0
0
-1
0
0
0
1
0
0
0
0
-1
0
-1
0
1
0
0
1
0
0
0
0
0
0
0
0
0
0
1
-1
0
-1
0
0
-1
0
0
0
0
-1
0
0
0
0
0
1
0
0
0
0
0
0
0
-1
0
0
0
0
0
0
-1
0
0
0
0
0
0
-1
0
-1
0
0
0
0
1
0
0
0
0
0
0
0
0
0
0
0
0
1
0
0
0
0
1
0
-1
0
1
0
0
0
0
0
0
0
-1
-1
0
0
0
1
0
-1
0
0
-1
0
0
0
-1
0
0
1
0
0
0
0
0
0
1
0
0
0
0
1
0
0
0
1
1
0
0
0
0
0
0
1
0
1
0
0
0
1
0
0
0
-1
1
1
0
-1
0
0
0
0
0
0
0
0
0
0
0
1
0
1
0
0
0
0
0
-1
0
1
0
0
-1
0
-1
-1
-1
-2
-3
-2
-3
-5
-5
-7
-7
-7
-8
-10
-10
-11
-13
-14
-14
-12
-10
-5
0
-2
-5
-4
-3
-6
-8
-1
-1
-4
-6
5
20
25
23
17
21
26
32
36
33
26
26
34
28
24
36
31
20
20
19
16
12
8
25
54
60
67
78
63
48
41
25
11
17
49
84
85
73
62
48
34
15
0
-20
-31
-41
-51
-69
-99
-106
-110
-100
-113
-144
-158
-174
-178
-144
-108
-119
-162
-200
-206
-185
-183
-194
-152
-111
-76
3
77
86
110
153
112
111
141
160
211
222
257
293
260
240
237
212
213
221
196
181
173
141
70
-2
-52
-74
-91
-95
-43
-20
-75
-109
-114
-141
-159
-177
-187
-201
-221
-235
-254
-229
-180
-125
-70
-29
17
52
116
141
137
162
171
143
149
185
175
241
282
282
320
297
266
237
174
139
96
44
47
27
36
85
59
35
34
-48
-125
-111
-118
-153
-186
-234
-254
-267
-315
-364
-373
-340
-267
-299
-346
-259
-254
-243
-197
-230
-225
-239
-296
-211
-92
-57
-13
6
-32
-81
-63
-2
6
-30
-7
48
86
138
198
193
155
180
147
123
161
84
51
123
159
208
234
187
144
110
98
100
91
99
46
-24
-58
-49
-26
-63
-135
-149
-127
-108
-68
-34
-7
5
-16
-48
-66
-106
-154
-182
-185
-115
-30
39
75
134
186
224
243
202
159
98
66
137
251
329
399
443
449
443
397
334
299
259
200
205
272
316
321
340
334
308
242
138
62
-27
-70
-145
-224
-238
-250
-210
-190
-187
-187
-236
-260
-261
-333
-411
-437
-515
-553
-519
-535
-465
-373
-338
-254
-168
-182
-256
-308
-349
-320
-271
-239
-172
-126
-140
-121
-64
-18
-27
-73
-80
-66
-47
-23
-13
-27
11
22
-18
19
60
65
79
66
12
-25
-10
65
179
216
168
172
170
169
192
192
191
146
148
199
276
355
351
357
335
263
223
224
190
191
256
297
357
372
323
270
204
129
43
62
99
82
110
85
15
6
-27
-97
-119
-124
-119
-96
-75
-94
-169
-247
-295
-295
-266
-273
-272
-245
-234
-151
-65
-90
-114
-144
-188
-167
-132
-147
-157
-113
-82
-29
56
82
111
176
151
124
155
80
-6
10
43
60
50
5
-37
18
46
-11
-48
-139
-218
-174
-142
-123
-95
-196
-298
-299
-301
-302
-274
-290
-319
-286
-251
-242
-153
-63
-88
-71
-33
-19
57
106
125
139
147
201
246
299
349
358
403
477
521
568
600
614
616
554
506
487
466
488
516
511
504
444
330
209
148
161
121
108
122
27
1
-4
-132
-202
-250
-415
-514
-521
-578
-633
-684
-769
-784
-703
-624
-596
-609
-648
-681
-717
-771
-775
-714
-611
-464
-311
-218
-165
-122
-91
-61
-24
-54
-95
-17
115
261
379
421
425
427
500
532
476
490
450
406
518
601
617
586
432
283
232
176
134
105
51
75
172
247
229
136
30
-88
-157
-208
-361
-457
-430
-332
-89
68
68
108
57
-15
37
24
-77
-102
-58
-24
108
249
232
229
277
216
158
151
74
28
59
59
47
58
0
-89
-125
-157
-177
-132
-103
-87
-40
-9
-23
-70
-125
-167
-186
-210
-240
-254
-226
-167
-96
-51
-73
-78
-82
-111
-72
-21
-37
-51
-28
-11
30
74
75
80
108
96
50
63
38
7
13
18
35
83
109
91
117
126
139
176
200
157
121
114
74
65
-12
-110
-92
-47
-11
93
152
82
28
-37
-133
-220
-317
-407
-390
-270
-146
-10
63
48
31
-5
-127
-219
-282
-312
-234
-131
-34
27
69
43
66
77
26
44
24
-13
6
46
35
29
33
-11
3
45
61
45
38
10
-37
-54
-56
-60
-74
-70
-111
-114
-74
-36
-36
-60
-72
-16
47
64
140
200
239
223
200
178
145
123
71
114
199
214
209
238
241
294
399
392
361
332
243
140
96
16
-58
-39
-8
50
128
168
114
30
-120
-270
-390
-476
-492
-505
-412
-293
-210
-132
-82
-113
-156
-170
-243
-264
-254
-207
-126
32
141
193
272
276
247
189
132
23
-25
-81
-102
-9
51
87
114
121
90
108
58
-57
-101
-145
-189
-136
-70
-41
46
95
78
59
23
-76
-109
-124
-137
-87
-116
-133
-116
-171
-194
-113
-118
-103
36
59
99
166
121
59
48
22
-16
13
-10
-17
-7
31
65
84
117
109
107
112
153
165
200
231
165
84
55
-10
-104
-108
-115
-91
10
88
136
165
126
70
45
-2
-50
-139
-166
-108
-98
-111
-108
-170
-270
-267
-363
-352
-200
-206
-204
-133
-79
-31
38
42
62
56
-22
-44
-25
-29
-51
-20
21
127
176
167
186
219
195
154
187
138
89
14
-75
-87
-75
-47
26
148
233
312
345
319
309
243
187
202
189
127
102
73
39
39
82
83
63
92
43
27
41
22
-26
26
95
88
126
94
49
0
-76
-168
-208
-230
-222
-166
-109
-34
-66
-120
-187
-289
-376
-420
-441
-520
-535
-475
-388
-307
-228
-202
-143
-32
-54
-79
-46
-23
-89
-107
-94
-105
-31
18
86
237
344
342
385
415
364
307
230
199
162
99
110
185
220
279
332
295
291
226
111
67
69
43
5
34
124
172
130
79
-22
-135
-251
-343
-333
-289
-235
-172
-52
53
114
123
28
-78
-236
-362
-413
-486
-486
-403
-336
-265
-176
-157
-153
-173
-258
-294
-247
-259
-278
-206
-172
-99
17
45
113
260
260
236
295
230
166
199
186
230
364
332
305
366
253
193
189
139
144
158
103
149
261
302
325
317
298
247
199
61
-22
-39
-96
-34
79
161
215
280
332
330
357
276
123
15
-122
-257
-286
-195
-143
-16
126
195
237
172
4
-134
-217
-361
-408
-344
-331
-288
-255
-280
-263
-327
-449
-486
-456
-408
-271
-102
-21
54
93
42
-48
-135
-270
-374
-380
-366
-318
-218
-103
8
108
155
155
115
62
-22
-73
-35
-43
-31
-9
-10
53
96
91
146
220
227
294
374
362
319
239
73
-27
-25
-92
-89
7
69
167
281
324
374
393
350
306
207
123
116
164
99
8
20
-2
-52
-34
-44
-37
18
-21
-14
-4
-72
-123
-168
-245
-260
-248
-301
-320
-212
-150
-119
-28
-23
-44
-60
-161
-228
-251
-350
-361
-321
-353
-341
-283
-244
-204
-163
-168
-183
-169
-165
-113
20
146
219
241
260
204
134
163
122
133
228
254
331
448
421
359
342
283
217
238
288
279
345
316
192
186
196
192
237
228
221
278
253
209
229
241
188
119
84
80
-4
-94
-84
-79
-111
-137
-138
-142
-192
-228
-200
-175
-221
-258
-213
-182
-196
-236
-272
-216
-204
-261
-250
-241
-239
-236
-268
-234
-206
-213
-222
-251
-290
-341
-341
-315
-236
-154
-91
-30
38
22
-53
-27
19
44
19
56
148
186
166
100
97
105
100
67
63
54
16
51
113
69
18
37
4
-4
-44
-87
-107
-121
-94
43
179
171
175
142
81
81
123
166
236
329
342
327
295
278
294
246
136
137
149
44
26
45
78
103
80
49
51
10
-60
-54
-99
-151
-182
-183
-155
-159
-153
-160
-152
-109
-96
-127
-99
-46
-72
-112
-127
-103
-104
-98
-75
-56
-17
-54
-21
50
38
35
73
21
-97
-213
-278
-215
-141
-96
-85
-63
-80
-189
-296
-356
-368
-357
-303
-175
-25
88
186
229
254
293
300
364
450
458
447
470
463
511
595
595
555
508
423
348
350
281
186
108
20
-16
-40
-121
-145
-133
-191
-193
-150
-113
-138
-182
-257
-328
-356
-363
-251
-120
-107
-124
-126
-123
-110
-113
-135
-156
-169
-189
-177
-129
-121
-119
-112
-168
-223
-275
-359
-394
-365
-354
-412
-398
-305
-175
-132
-164
-180
-215
-235
-242
-228
-218
-149
-70
43
172
270
387
476
488
489
517
494
437
386
359
426
469
439
371
283
210
140
37
-43
-21
-20
-42
-25
41
77
17
-23
-32
-10
-32
-86
-69
-34
-26
-14
44
100
187
223
174
163
132
44
-32
-119
-160
-155
-224
-306
-248
-120
-88
-85
-140
-214
-246
-270
-255
-187
-116
-92
-122
-159
-183
-190
-172
-104
32
192
320
363
346
244
145
123
122
185
266
354
420
379
265
95
-73
-176
-182
-90
25
16
-41
-61
-143
-184
-218
-268
-264
-239
-193
-149
-118
-121
-135
-133
-106
-32
12
-9
-56
-18
-24
-44
-8
3
81
105
64
23
0
-43
-30
14
72
166
182
155
159
180
220
324
368
328
240
55
-80
-93
-95
-39
33
69
78
26
-42
-62
-57
-4
91
140
141
96
-4
-85
-154
-180
-169
-157
-119
-73
0
4
-15
-35
-135
-255
-290
-287
-251
-137
-75
-40
1
-22
-52
-91
-156
-209
-199
-140
-77
-78
-61
-41
-63
-70
-130
-106
-45
-46
-34
-2
47
67
66
103
203
219
141
94
45
53
24
-44
-66
33
66
-2
-10
10
9
-94
-192
-197
-95
-82
-56
36
54
53
50
27
25
90
43
43
127
146
207
258
196
136
165
160
161
208
238
225
199
194
181
168
131
101
122
168
212
248
242
200
230
217
101
-1
-71
-69
-62
-118
-96
-21
-38
-43
-13
-68
-165
-182
-183
-120
-1
67
110
105
35
10
48
-19
-16
63
70
31
-6
6
-64
-206
-309
-343
-330
-237
-136
-143
-165
-178
-135
-119
-205
-238
-202
-173
-170
-138
-152
-142
-125
-157
-109
-124
-185
-246
-283
-327
-304
-212
-242
-212
-155
-164
-175
-111
-37
35
58
6
6
14
-45
-78
29
110
167
250
250
168
128
146
129
106
137
259
350
363
304
182
115
16
-26
30
63
127
222
257
283
333
282
190
119
94
106
99
54
96
194
196
205
230
233
207
112
34
63
22
-85
-95
-90
-43
-25
-81
-115
-95
-64
-32
-35
-60
-14
-4
7
25
-33
-136
-212
-254
-286
-332
-437
-429
-340
-302
-249
-100
-46
-121
-99
-57
-51
-125
-163
-52
109
191
247
305
273
184
61
-6
-18
-40
-114
-26
117
158
167
82
-26
-64
-54
-48
7
-30
-88
-45
-35
-49
-40
-83
-104
-57
-42
6
66
75
94
29
-55
-55
-84
-129
-78
-17
6
137
261
296
228
184
225
318
406
445
395
346
392
399
398
372
357
400
417
378
365
342
261
258
278
213
121
78
62
41
-23
-113
-175
-245
-303
-365
-512
-689
-799
-890
-968
-1008
-1054
-1090
-1107
-1151
-1155
-1076
-964
-836
-766
-798
-860
-845
-792
-727
-673
-606
-465
-353
-237
-82
99
270
368
378
377
459
557
626
663
637
618
675
802
873
925
932
881
824
780
787
838
879
902
954
989
980
895
811
763
675
592
574
605
618
581
522
427
341
262
148
36
-122
-285
-439
-593
-749
-990
-1180
-1322
-1425
-1473
-1498
-1430
-1320
-1174
-1033
-884
-753
-646
-485
-286
-100
47
188
354
476
503
594
730
838
953
1085
1223
1359
1395
1361
1343
1326
1323
1324
1303
1263
1220
1101
936
776
644
570
463
361
244
29
-251
-516
-740
-1036
-1289
-1452
-1572
-1651
-1798
-1963
-2014
-1968
-1969
-2008
-2008
-2009
-1949
-1808
-1690
-1563
-1445
-1322
-1087
-868
-682
-500
-366
-154
34
102
193
299
440
599
754
855
954
1058
1167
1297
1323
1391
1493
1579
1616
1588
1581
1633
1729
1777
1800
1774
1701
1619
1534
1361
1113
829
527
290
45
-321
-707
-1021
-1229
-1442
-1723
-2032
-2286
-2405
-2449
-2405
-2366
-2331
-2185
-2021
-1845
-1627
-1472
-1253
-892
-503
-175
90
317
516
776
945
1030
1063
1020
1070
1138
1194
1221
1166
1075
894
702
578
531
523
432
291
193
176
268
390
439
441
542
705
826
886
890
885
959
1166
1376
1483
1454
1334
1238
1193
1148
996
827
629
373
164
-68
-272
-465
-704
-893
-1092
-1316
-1466
-1526
-1641
-1747
-1803
-1852
-1819
-1751
-1669
-1614
-1564
-1521
-1468
-1353
-1275
-1204
-1129
-1028
-928
-863
-729
-586
-468
-357
-242
-78
111
248
414
598
715
813
893
990
1147
1368
1599
1828
2022
2100
2092
2062
2064
2136
2157
2069
1976
1865
1698
1548
1397
1188
887
483
154
0
-179
-494
-921
-1445
-1836
-1920
-1924
-1994
-2151
-2441
-2605
-2517
-2360
-2234
-2297
-2469
-2411
-2122
-1770
-1447
-1270
-1167
-1008
-745
-511
-340
-190
-107
-34
85
332
564
692
683
601
642
775
971
1160
1298
1261
1097
1113
1221
1364
1501
1515
1459
1492
1630
1773
1857
1832
1809
1822
1749
1687
1639
1430
1145
799
454
328
343
107
-260
-653
-1061
-1194
-1259
-1405
-1536
-1617
-1683
-1677
-1685
-1763
-1878
-2027
-2020
-1812
-1576
-1391
-1118
-836
-641
-523
-490
-385
-156
-3
21
71
145
251
452
581
658
728
706
598
516
537
538
567
616
673
686
621
666
745
882
1027
1040
1131
1309
1473
1537
1539
1534
1582
1613
1486
1319
1179
1017
806
527
205
-92
-355
-614
-932
-1261
-1537
-1731
-1885
-2013
-2015
-2057
-2214
-2277
-2237
-2184
-2110
-2012
-1959
-1765
-1459
-1183
-875
-663
-514
-383
-290
-157
-2
135
303
470
557
695
873
936
883
804
763
836
1021
1149
1211
1264
1318
1371
1445
1537
1601
1588
1493
1418
1465
1585
1648
1667
1637
1544
1368
1084
735
405
105
-201
-406
-604
-859
-1150
-1532
-1943
-2309
-2584
-2776
-2843
-2838
-2738
-2600
-2508
-2436
-2403
-2349
-2170
-1876
-1568
-1284
-985
-651
-351
-62
182
311
392
550
702
804
913
993
1022
1041
1078
1113
1120
1039
925
840
816
873
871
795
858
1018
1111
1180
1273
1352
1478
1662
1885
2149
2330
2387
2404
2479
2503
2392
2179
1929
1706
1503
1273
1026
761
445
151
-209
-625
-1049
-1462
-1816
-2156
-2444
-2631
-2786
-2923
-3011
-3097
-3172
-3210
-3194
-3078
-2863
-2633
-2447
-2261
-2012
-1719
-1521
-1352
-1092
-789
-517
-246
-5
214
480
661
750
877
1084
1295
1451
1537
1570
1559
1619
1774
1969
2226
2501
2723
2757
2760
2808
2807
2763
2670
2462
2177
2023
1873
1654
1431
1125
720
299
-92
-492
-917
-1306
-1629
-2015
-2437
-2790
-3136
-3404
-3494
-3505
-3510
-3477
-3479
-3479
-3328
-3080
-2824
-2553
-2315
-2106
-1848
-1543
-1193
-820
-460
-135
204
489
672
774
880
1018
1127
1203
1200
1224
1306
1439
1568
1667
1731
1689
1649
1689
1823
2037
2251
2356
2333
2265
2230
2267
2376
2526
2660
2750
2751
2694
2489
2128
1722
1363
1055
713
297
-174
-667
-1155
-1585
-1991
-2376
-2732
-3109
-3445
-3660
-3758
-3780
-3750
-3702
-3654
-3518
-3329
-3091
-2730
-2306
-1857
-1526
-1293
-1007
-661
-254
118
438
748
1045
1380
1642
1736
1820
1908
1915
1847
1788
1743
1642
1539
1510
1516
1470
1429
1452
1499
1574
1690
1724
1694
1669
1568
1466
1489
1546
1544
1518
1472
1380
1277
1161
977
789
576
267
-40
-382
-763
-1157
-1543
-1819
-2053
-2331
-2613
-2808
-2948
-2947
-2850
-2777
-2673
-2538
-2424
-2296
-2092
-1927
-1726
-1519
-1276
-965
-701
-506
-361
-238
-115
27
95
165
290
469
622
678
707
694
655
622
633
704
760
807
891
1103
1459
1697
1727
1712
1810
1967
2068
2124
2102
2063
2033
1989
1905
1822
1705
1481
1247
1023
740
378
36
-354
-834
-1279
-1656
-1964
-2179
-2341
-2515
-2670
-2772
-2899
-3060
-3188
-3275
-3250
-3144
-2903
-2559
-2245
-1955
-1676
-1364
-955
-566
-363
-212
-5
244
525
826
1106
1309
1506
1678
1892
2089
2179
2205
2195
2262
2337
2358
2412
2498
2566
2648
2750
2794
2769
2794
2812
2777
2733
2693
2624
2441
2183
1847
1489
1157
808
421
-23
-453
-862
-1271
-1688
-2156
-2640
-3109
-3439
-3602
-3701
-3782
-3861
-3824
-3745
-3706
-3628
-3593
-3610
-3484
-3148
-2752
-2322
-1888
-1539
-1167
-761
-440
-178
-16
37
158
318
540
890
1162
1315
1483
1663
1856
2056
2098
1998
1891
1839
1956
2191
2371
2501
2662
2770
2808
2810
2715
2607
2505
2377
2239
2108
1950
1720
1489
1286
1030
670
255
-194
-590
-1002
-1530
-2056
-2466
-2785
-3014
-3165
-3356
-3496
-3550
-3585
-3596
-3625
-3631
-3584
-3414
-3147
-2817
-2506
-2242
-1916
-1586
-1272
-987
-787
-574
-274
13
304
542
690
847
986
1100
1264
1544
1793
1963
2105
2230
2397
2515
2647
2830
2977
3070
3176
3353
3534
3703
3755
3621
3463
3310
3099
2861
2554
2178
1848
1504
1137
784
350
-222
-806
-1388
-1969
-2442
-2941
-3462
-3882
-4180
-4343
-4421
-4525
-4592
-4455
-4280
-4071
-3764
-3535
-3239
-2865
-2512
-2137
-1689
-1218
-796
-399
-50
344
704
993
1259
1513
1770
1980
2121
2284
2460
2520
2551
2501
2422
2399
2422
2391
2357
2396
2402
2435
2408
2339
2288
2231
2186
2181
2113
1916
1698
1404
1115
912
713
435
76
-324
-727
-1120
-1521
-1963
-2345
-2634
-2934
-3172
-3372
-3533
-3639
-3730
-3734
-3688
-3610
-3482
-3366
-3232
-2993
-2691
-2391
-2095
-1752
-1382
-1082
-829
-546
-220
169
545
786
1045
1274
1442
1613
1721
1785
1881
1969
1989
2073
2193
2261
2337
2424
2529
2636
2642
2589
2548
2503
2507
2552
2531
2450
2356
2218
2077
1910
1697
1442
1131
827
508
191
-145
-521
-946
-1361
-1730
-2086
-2422
-2699
-2926
-3146
-3352
-3527
-3568
-3523
-3472
-3376
-3246
-3046
-2820
-2600
-2405
-2224
-2025
-1831
-1630
-1438
-1224
-994
-749
-447
-146
105
340
591
891
1269
1575
1785
1995
2140
2290
2491
2623
2748
2974
3164
3355
3562
3614
3640
3655
3601
3533
3460
3307
3149
2983
2726
2508
2178
1721
1287
806
301
-210
-833
-1430
-1881
-2347
-2768
-3096
-3468
-3779
-3989
-4252
-4393
-4439
-4504
-4457
-4411
-4339
-4114
-3902
-3714
-3414
-3089
-2707
-2205
-1769
-1323
-860
-472
-80
304
608
871
1138
1344
1594
1891
2111
2308
2500
2662
2828
2982
3070
3143
3227
3280
3333
3367
3393
3413
3372
3240
3123
2995
2784
2515
2142
1816
1563
1299
994
658
251
-137
-553
-977
-1359
-1820
-2248
-2597
-2930
-3199
-3381
-3572
-3720
-3806
-3848
-3828
-3768
-3674
-3536
-3346
-3091
-2784
-2517
-2291
-2040
-1748
-1408
-1042
-705
-421
-136
155
434
703
911
1115
1305
1402
1521
1630
1678
1791
1915
2011
2191
2341
2438
2502
2507
2537
2599
2649
2677
2738
2873
2967
2985
2979
2795
2498
2148
1777
1468
1076
648
198
-269
-583
-865
-1253
-1703
-2136
-2444
-2585
-2659
-2790
-2948
-3085
-3124
-3023
-3015
-3064
-3041
-2971
-2764
-2474
-2279
-2102
-1855
-1701
-1453
-1118
-846
-582
-428
-302
-117
111
313
455
555
726
930
1097
1204
1261
1376
1512
1703
1947
2346
2692
2890
3016
3062
3105
3183
3170
2991
2968
2990
2918
2840
2693
2494
2225
1850
1393
1011
645
224
-219
-721
-1189
-1658
-2134
-2557
-2822
-3019
-3358
-3733
-3931
-3976
-3894
-3730
-3585
-3389
-3117
-2937
-2789
-2530
-2339
-2189
-1942
-1730
-1372
-892
-622
-355
-57
166
372
549
601
704
845
851
975
1236
1464
1635
1736
1890
2192
2432
2503
2461
2441
2606
2799
2930
3038
3110
3096
3029
2812
2611
2492
2158
1764
1404
1068
769
343
-201
-683
-1050
-1467
-1854
-2146
-2399
-2599
-2838
-3155
-3351
-3423
-3505
-3508
-3492
-3430
-3292
-3083
-2881
-2725
-2462
-2192
-1981
-1822
-1616
-1359
-1035
-749
-498
-168
130
411
636
789
995
1211
1412
1622
1866
2156
2385
2580
2887
3156
3373
3657
3796
3946
4134
4217
4162
4094
3934
3723
3453
3036
2678
2325
1909
1404
967
528
14
-527
-1053
-1595
-2041
-2479
-3042
-3413
-3695
-3921
-4087
-4213
-4317
-4189
-3965
-3904
-3820
-3638
-3372
-3038
-2669
-2397
-1967
-1599
-1380
-1081
-843
-662
-409
-302
-301
-5
185
280
594
803
991
1287
1313
1327
1556
1723
1882
2153
2315
2401
2671
2861
3062
3262
3237
3240
3272
3233
3253
3246
3117
3007
2783
2461
2096
1521
869
160
-598
-1145
-1545
-1981
-2315
-2715
-3225
-3408
-3513
-3810
-3884
-3953
-3953
-3684
-3502
-3287
-2967
-2732
-2538
-2287
-2060
-1871
-1668
-1414
-1146
-925
-710
-355
-58
270
585
670
929
1066
943
926
968
1013
1082
1192
1307
1656
2022
2244
2540
2718
2862
3115
3331
3503
3748
3854
3875
3841
3725
3395
2941
2503
1879
1463
1103
700
301
-211
-701
-1152
-1578
-2002
-2285
-2586
-2946
-3106
-3249
-3378
-3431
-3502
-3557
-3460
-3371
-3218
-2882
-2506
-2266
-2117
-1805
-1589
-1312
-1007
-702
-514
-416
-177
-55
32
176
247
191
154
164
269
443
595
834
1047
1248
1528
1790
2039
2325
2517
2635
2842
2956
3073
3196
3104
3048
3204
3134
2870
2751
2492
2188
1880
1434
935
389
-216
-691
-1151
-1644
-1876
-2260
-2799
-2953
-2918
-2969
-3039
-3067
-2979
-2810
-2707
-2669
-2524
-2376
-2260
-2138
-2067
-2024
-1898
-1698
-1603
-1573
-1373
-1129
-951
-713
-378
-100
33
129
150
295
463
564
744
804
835
1056
1324
1621
2114
2550
2759
3052
3414
3615
3830
3970
3895
3875
3704
3403
3151
2773
2377
2036
1743
1458
1022
601
213
-190
-566
-1039
-1504
-1957
-2374
-2649
-2840
-3102
-3318
-3505
-3759
-3815
-3796
-3823
-3650
-3428
-3243
-3001
-2758
-2388
-2084
-1886
-1626
-1452
-1261
-1034
-949
-881
-774
-692
-568
-296
-17
141
485
961
1386
1756
2142
2673
3012
3334
3751
3828
3847
3832
3539
3443
3387
3236
3352
3402
3392
3574
3544
3287
3092
2652
2180
1756
1188
766
264
-437
-1006
-1640
-2350
-2829
-3281
-3581
-3655
-3722
-3688
-3587
-3540
-3511
-3491
-3543
-3427
-3169
-2950
-2710
-2598
-2540
-2311
-2219
-2194
-1919
-1626
-1244
-562
-125
58
452
627
542
689
783
889
1083
1081
1171
1331
1321
1463
1698
1870
2232
2704
3027
3352
3759
4068
4346
4435
4342
4282
3990
3444
2947
2468
1887
1225
589
-55
-627
-1077
-1501
-1835
-2203
-2657
-3041
-3423
-3875
-4197
-4365
-4570
-4530
-4298
-4121
-3805
-3501
-3195
-2632
-2101
-1661
-1022
-563
-269
221
595
687
883
1095
1097
1071
996
890
917
1029
1038
1055
1029
934
990
1028
1033
1191
1406
1522
1545
1469
1450
1531
1515
1573
1777
1946
2063
2343
2535
2566
2666
2611
2342
2060
1899
1643
1201
696
95
-596
-1301
-2049
-2668
-3093
-3339
-3273
-3276
-3314
-3145
-3087
-3017
-2813
-2683
-2507
-2194
-2015
-1807
-1516
-1283
-1049
-842
-603
-338
-199
44
471
569
694
891
764
681
697
631
554
611
698
710
693
738
884
1118
1490
1811
2087
2409
2570
2794
3078
3076
3155
3387
3342
3164
2956
2543
2162
1838
1317
851
479
51
-310
-727
-1192
-1634
-2168
-2623
-3040
-3412
-3395
-3434
-3724
-3670
-3625
-3835
-3689
-3440
-3443
-3147
-2702
-2409
-2015
-1784
-1526
-1115
-967
-690
-233
-52
218
551
578
644
736
631
723
982
968
1023
1243
1365
1500
1707
1880
2035
2237
2331
2260
2229
2360
2492
2537
2544
2593
2642
2596
2604
2632
2537
2290
2099
1980
1650
1374
1083
467
-140
-646
-1355
-2088
-2649
-3250
-3622
-3618
-3716
-3795
-3554
-3536
-3525
-3168
-2996
-2776
-2457
-2326
-2111
-1834
-1660
-1350
-1163
-1170
-908
-717
-632
-205
359
784
1122
1417
1609
1617
1606
1690
1633
1467
1439
1343
1201
1287
1393
1642
2110
2319
2530
2998
3184
3349
3709
3706
3538
3494
3228
2831
2499
2088
1744
1310
734
276
-188
-816
-1332
-1726
-2298
-2791
-3080
-3382
-3596
-3678
-3706
-3655
-3549
-3423
-3289
-3207
-3186
-3169
-3080
-2749
-2510
-2490
-2079
-1642
-1479
-1048
-732
-676
-406
-140
93
422
550
566
494
176
123
178
25
255
564
779
1367
1891
2192
2713
3162
3379
3606
3724
3750
3665
3574
3567
3366
3076
2895
2488
2158
2151
2029
1916
1773
1370
999
678
119
-418
-1085
-1824
-2345
-3098
-3749
-3901
-4176
-4452
-4193
-3840
-3481
-2901
-2432
-2073
-1483
-1024
-823
-665
-840
-1150
-1257
-1464
-1655
-1586
-1604
-1420
-1086
-927
-458
80
299
679
1050
1093
1307
1452
1272
1177
1155
1209
1264
1124
1146
1338
1469
1994
2673
3123
3662
4041
4287
4634
4476
4090
3750
3009
2316
1717
804
-104
-984
-1825
-2430
-2906
-3258
-3472
-3658
-3621
-3423
-3300
-3105
-2980
-2875
-2538
-2327
-2258
-2199
-2412
-2406
-2069
-1895
-1612
-1269
-1032
-549
-103
216
766
1167
1252
1266
1299
1308
1142
864
646
426
276
349
262
28
148
516
1040
1668
2104
2470
2744
2957
3384
3612
3572
3676
3734
3476
3151
2796
2320
1939
1478
1000
723
408
106
-147
-531
-950
-1303
-1734
-2223
-2745
-3218
-3490
-3792
-4209
-4432
-4413
-4386
-4141
-3726
-3427
-2871
-2291
-2112
-2073
-1889
-1559
-1104
-716
-460
-232
-175
-139
-19
38
174
299
203
187
160
163
460
737
1041
1475
1862
2306
2638
2506
2267
2136
2016
2227
2521
2619
2828
3155
3472
3759
3922
3911
3774
3622
3464
3030
2432
1786
957
147
-652
-1415
-1978
-2517
-3127
-3551
-3951
-4279
-4335
-4373
-4347
-4025
-3633
-3278
-2830
-2605
-2460
-2129
-1977
-1926
-1669
-1524
-1514
-1138
-670
-393
21
441
551
605
678
647
664
669
780
954
934
916
891
806
1073
1661
2034
2294
2473
2321
2397
2811
3110
3434
3751
4016
4283
4220
3836
3386
2966
2667
2572
2327
1679
936
178
-582
-1191
-1806
-2462
-2936
-3373
-3786
-3991
-4148
-4346
-4307
-4231
-4217
-4155
-4177
-3992
-3610
-3338
-2964
-2472
-2123
-1720
-1317
-990
-582
-274
-132
-74
-52
101
419
792
1123
1162
1068
1092
995
958
1152
1285
1405
1571
1792
2166
2290
2292
2568
2666
2855
3201
3005
2847
3007
2891
2911
3087
2830
2673
2515
2013
1843
1664
1121
604
-152
-1031
-1653
-2389
-3017
-3211
-3398
-3516
-3605
-3817
-3888
-3792
-3649
-3512
-3307
-2877
-2417
-2235
-2117
-1975
-1775
-1315
-942
-817
-535
-265
-181
2
101
108
323
439
335
518
796
798
826
833
685
558
606
895
1389
1741
1887
2030
2167
2427
2823
3084
3100
3157
3354
3490
3455
3475
3495
3327
3179
2919
2373
1823
1257
527
-214
-788
-1352
-1890
-2370
-2740
-2978
-3346
-3582
-3524
-3552
-3586
-3662
-3908
-3810
-3484
-3205
-2835
-2480
-2130
-1627
-1245
-1100
-866
-738
-710
-595
-465
-228
76
321
593
761
836
973
917
845
881
724
561
646
922
1340
1761
1945
2216
2653
2947
3172
3274
3180
3315
3515
3260
3054
2986
2695
2493
2235
1666
1093
658
75
-618
-1296
-1962
-2589
-3037
-3189
-3302
-3388
-3468
-3715
-3900
-3913
-3937
-3963
-3820
-3502
-3069
-2509
-1866
-1314
-884
-491
-372
-331
-4
235
352
642
788
916
1141
1000
752
556
222
159
386
459
547
633
707
1158
1778
2155
2276
2315
2448
2805
3320
3761
3797
3655
3916
4081
3947
3967
3563
2708
2137
1510
789
485
130
-319
-758
-1575
-2176
-2633
-3426
-3773
-3983
-4545
-4582
-4403
-4509
-4302
-4333
-4602
-4303
-3883
-3368
-2650
-2285
-1961
-1390
-1092
-868
-551
-620
-685
-460
-244
92
475
785
880
780
865
1070
1221
1338
1368
1352
1696
2208
2675
3205
3422
3437
3693
3871
3802
3911
3931
3770
3986
4294
4269
4093
3743
3076
2443
2042
1383
616
175
-307
-876
-1262
-1891
-2701
-3361
-3971
-4421
-4769
-4927
-4657
-4320
-3909
-3283
-3102
-3146
-2932
-2805
-2668
-2465
-2283
-1724
-1113
-874
-618
-350
-193
44
-7
-295
-359
-323
-12
364
423
543
829
802
591
367
11
105
609
1061
1471
1857
2310
2756
2926
3110
3456
3509
3711
4159
4102
3894
3813
3350
2780
2334
1571
653
-103
-700
-1227
-1585
-1797
-2127
-2540
-2840
-3070
-3267
-3340
-3323
-3451
-3413
-3070
-2892
-2745
-2466
-2274
-2090
-1838
-1648
-1262
-720
-396
-191
-180
-357
-363
-487
-709
-568
-421
-273
83
149
-61
-171
-241
-365
-217
18
186
790
1658
2277
2538
2973
3431
4054
4660
4717
4278
3953
4307
4634
4776
4364
3943
3746
3265
2377
748
-895
-2007
-2463
-2821
-3010
-2737
-2732
-2983
-3333
-3968
-4797
-5136
-4786
-3983
-2687
-1493
-776
-163
277
328
243
235
503
1158
1665
1513
1152
691
-125
-955
-1920
-2870
-3372
-3329
-3067
-2714
-2079
-1613
-1281
-1002
-984
-1042
-904
-420
431
1889
3659
4823
5519
6118
6336
5985
5411
4682
4077
4141
4275
3922
3202
2405
1351
-330
-2186
-3659
-4725
-5352
-5554
-5555
-5267
-4572
-4031
-3975
-3715
-3285
-2778
-1872
-808
339
1496
2441
2881
3084
3051
2556
1875
1275
982
915
940
727
200
-359
-1033
-1935
-2751
-3514
-4086
-4119
-3853
-3267
-2501
-2046
-1836
-1624
-1602
-1656
-1509
-1016
-242
692
2226
4071
5332
5975
6591
6874
6588
6038
5347
4678
4312
4128
3549
2540
1601
727
-636
-2201
-3502
-4505
-4981
-4868
-4523
-4003
-3192
-2688
-2645
-2706
-2639
-2362
-1764
-964
-143
760
1679
2274
2183
1923
1625
1036
734
773
627
342
139
-315
-971
-1572
-2448
-3350
-3814
-3958
-3838
-3390
-2780
-2173
-1712
-1490
-1057
-489
-144
70
375
843
1809
3368
4847
5682
6175
6728
6868
6436
5697
4860
4120
3694
3338
2777
2172
1532
666
-670
-2279
-3715
-4695
-5161
-5324
-5183
-4474
-3495
-2963
-2859
-2801
-2540
-1978
-1184
-396
345
1222
2090
2484
2498
2381
1989
1477
1005
349
-221
-516
-977
-1598
-2005
-2417
-2950
-3458
-3953
-4099
-3862
-3424
-2808
-2255
-1688
-1062
-647
-500
-405
-362
-278
141
1083
2610
4321
5601
6270
6774
6988
6690
6001
5224
4499
4010
3732
3096
2213
1460
537
-941
-2511
-3852
-4893
-5467
-5647
-5460
-4636
-3480
-2810
-2435
-2083
-1885
-1682
-1262
-930
-598
30
534
721
986
1265
1248
1160
932
364
-144
-434
-763
-1036
-1095
-1329
-1728
-1997
-2337
-2877
-3303
-3350
-3071
-2813
-2575
-2036
-1281
-551
128
710
1279
1867
2523
3474
4732
5797
6259
6536
6755
6665
6169
5547
4876
4316
3992
3321
2379
1702
1089
104
-1097
-2400
-3547
-4449
-5333
-5784
-5491
-4863
-4250
-3815
-3501
-2953
-2359
-1970
-1338
-276
740
1575
2082
2254
2148
1597
937
556
122
-331
-469
-674
-974
-1041
-1264
-1724
-1878
-1985
-2330
-2259
-1886
-1792
-1629
-1371
-1230
-864
-434
-237
16
378
670
1078
2027
3437
4725
5344
5701
6127
6300
5895
5150
4375
3716
3263
2563
1528
634
59
-895
-2318
-3553
-4346
-4904
-5291
-5316
-4891
-4085
-3390
-3117
-2976
-2626
-2166
-1779
-1322
-736
-169
353
642
590
531
602
565
460
352
250
132
-143
-627
-1294
-1901
-2367
-2829
-3223
-3505
-3526
-3138
-2722
-2451
-1934
-1257
-595
161
697
1131
1803
2268
2494
3338
4731
5913
6573
6858
6973
6824
6166
5354
4724
4241
4085
3778
3007
2232
1459
420
-729
-2116
-3320
-3936
-4585
-5156
-5023
-4502
-4005
-3416
-2943
-2611
-2210
-1776
-1393
-888
-186
445
822
997
1091
1005
869
591
-28
-566
-934
-1429
-2009
-2549
-2971
-3039
-2968
-2970
-2772
-2438
-2154
-1974
-1818
-1518
-1072
-761
-443
7
339
737
1140
1505
2392
3748
4853
5534
6100
6452
6451
5962
5206
4610
4248
3937
3295
2486
1709
882
-257
-1540
-2657
-3443
-3998
-4325
-4276
-3994
-3489
-2872
-2308
-1758
-1159
-802
-614
-453
-269
71
374
537
682
792
674
470
91
-397
-783
-1176
-1589
-1947
-2216
-2302
-2316
-2482
-2560
-2580
-2640
-2744
-2907
-2862
-2567
-2253
-1744
-899
-134
577
1246
1700
2194
3058
4235
5269
5729
6002
6449
6430
5827
5323
4703
3803
3146
2372
1385
694
164
-499
-1192
-1866
-2454
-2949
-3391
-3815
-4162
-4116
-4021
-4210
-4039
-3449
-3053
-2467
-1748
-1242
-532
84
185
282
544
597
592
494
306
252
-79
-741
-1267
-1750
-2214
-2478
-2775
-2834
-2518
-2399
-2309
-1700
-898
-306
175
641
1076
1314
1353
1295
1332
1767
2552
3639
4772
5505
5968
6341
6543
6377
5977
5392
4811
4428
3809
2871
2036
1181
53
-1151
-2380
-3491
-4335
-5084
-5531
-5464
-5156
-4658
-4013
-3256
-2300
-1350
-694
-107
667
1218
1261
833
552
509
252
-134
-393
-446
-561
-800
-1152
-1520
-1868
-2235
-2502
-2634
-2534
-2419
-2438
-2469
-2346
-2130
-2074
-1979
-1607
-1208
-856
-478
-14
651
1628
2914
4560
6153
6948
7340
7683
7436
6642
5875
4969
4278
3722
2845
1976
1196
219
-744
-1662
-2600
-3060
-3381
-3824
-4083
-4144
-4178
-4288
-4370
-4209
-3831
-3504
-3017
-2342
-1539
-855
-609
-390
-96
1
112
156
-16
-33
-112
-603
-1048
-1384
-1944
-2394
-2673
-2926
-2924
-2900
-2837
-2382
-1710
-981
-213
615
1410
1993
2166
2139
2231
2320
2551
3383
4647
5321
5660
6127
6390
6349
5978
5402
4936
4671
4305
3598
2628
1656
534
-655
-1629
-2485
-3070
-3503
-3985
-4195
-4166
-4286
-4463
-4389
-3841
-3099
-2439
-1619
-792
-214
-107
-158
-189
-360
-572
-796
-1033
-1163
-1043
-1167
-1255
-1189
-1435
-1579
-1509
-1675
-1964
-2226
-2546
-2616
-2268
-1895
-1630
-1173
-634
-166
81
86
251
592
1098
1961
3251
4453
5299
6105
6857
7362
7290
6779
6101
5299
4473
3463
2235
994
-66
-968
-1870
-2403
-2681
-2997
-3220
-3337
-3207
-2980
-2929
-2834
-2454
-1983
-1636
-1133
-388
228
546
675
832
844
763
439
-50
-266
-508
-924
-1301
-1562
-1847
-2220
-2633
-2925
-3157
-3339
-3532
-3734
-3678
-3273
-2773
-2210
-1402
-592
69
412
718
1134
1366
1912
3032
4242
5149
5908
6572
7138
7225
6586
5802
5158
4384
3523
2576
1460
471
-571
-1748
-2617
-3162
-3540
-3924
-4192
-3893
-3342
-3305
-3455
-3053
-2357
-1713
-1272
-758
-5
466
449
287
81
-233
-642
-1156
-1452
-1632
-2022
-2562
-2874
-2856
-2753
-2735
-2811
-2776
-2625
-2473
-2460
-2419
-1941
-1395
-1085
-610
83
524
836
919
900
1393
2002
2853
4397
5687
6191
6814
7552
7802
7575
6993
6166
5620
5234
4510
3404
2291
1217
4
-1205
-2158
-2716
-3056
-3485
-3690
-3352
-3030
-3171
-3380
-3103
-2624
-2386
-2326
-1860
-1068
-579
-389
-333
-209
-1
127
-198
-372
-272
-613
-1147
-1523
-1702
-1818
-1830
-1988
-2231
-2432
-2709
-2923
-2892
-2485
-2037
-1787
-1429
-950
-439
-10
190
469
744
1125
2102
3544
4540
5024
5572
6105
6401
6327
5895
5490
5070
4358
3364
2114
1063
57
-1306
-2622
-3208
-3406
-3643
-3978
-4071
-3735
-3724
-4066
-3929
-3302
-2916
-2450
-1793
-1040
-173
305
669
1009
1116
1047
689
142
-260
-698
-1386
-1837
-1990
-2244
-2517
-2718
-2668
-2358
-2192
-2146
-1914
-1427
-1003
-787
-428
137
485
585
648
905
1272
1635
2334
3625
4928
5698
6172
6627
7018
6965
6600
5997
5313
4576
3620
2407
1298
358
-806
-1915
-2877
-3623
-3996
-4356
-4554
-4119
-3574
-3548
-3428
-2855
-2270
-1926
-1839
-1570
-1079
-773
-633
-418
-262
-169
-205
-657
-992
-1084
-1441
-1847
-2048
-2264
-2455
-2559
-2534
-2399
-2305
-2335
-2449
-2233
-1740
-1437
-1246
-815
-438
-120
337
774
1362
2109
3057
4333
5595
6165
6337
6714
7208
7397
7180
6732
6276
5916
5255
4358
3305
2061
612
-681
-1820
-2702
-3082
-3269
-3383
-3148
-2915
-2962
-3053
-3146
-3140
-2966
-2770
-2769
-2557
-1990
-1513
-1138
-656
-186
-109
-276
-603
-1152
-1681
-2129
-2623
-3178
-3537
-3668
-3769
-3679
-3535
-3607
-3566
-3101
-2497
-1871
-1306
-836
-203
480
967
1259
1718
2250
2647
3288
4415
5291
5779
6429
7215
7685
7644
7212
6487
5966
5195
4013
2676
1300
-135
-1391
-2381
-3192
-3690
-4084
-4313
-4340
-4153
-3832
-3729
-3708
-3319
-2910
-2710
-2268
-1775
-1350
-679
-68
250
519
608
477
241
-21
-332
-843
-1331
-1638
-1876
-2120
-2311
-2501
-2737
-2680
-2590
-2529
-2108
-1556
-1038
-678
-292
262
805
1081
1179
1385
1835
2530
3490
4707
5478
5845
6273
6697
6796
6554
5978
5226
4534
3629
2439
1211
-66
-1273
-2223
-3066
-3478
-3498
-3611
-3590
-3090
-2629
-2433
-2293
-2403
-2462
-2219
-2134
-1910
-1422
-1189
-945
-464
-56
167
370
434
311
150
-60
-342
-680
-985
-1498
-2139
-2566
-2911
-3082
-3124
-3134
-2853
-2281
-1725
-1206
-707
-257
354
993
1262
1567
1942
2144
2731
3722
4477
5041
5567
5871
6311
6576
6330
5962
5519
4772
3973
3023
1808
476
-891
-2253
-3370
-4228
-4864
-5068
-4979
-4641
-4197
-3699
-3017
-2230
-1769
-1615
-1456
-1333
-1244
-1310
-1279
-1180
-1326
-1370
-1200
-993
-654
-427
-595
-772
-914
-1256
-1665
-2095
-2475
-2693
-2889
-2882
-2519
-2013
-1543
-1091
-576
-117
129
195
249
510
918
1526
2372
3517
4776
5587
6235
7087
7803
7950
7761
7159
6415
5835
4943
3684
2455
934
-744
-2016
-3137
-3885
-4106
-4291
-4309
-3728
-3225
-2890
-2520
-2364
-2061
-1782
-2050
-2291
-2260
-2496
-2596
-2460
-2354
-1998
-1544
-1392
-1203
-821
-551
-401
-392
-588
-853
-1165
-1655
-2082
-2412
-2651
-2784
-2637
-2081
-1452
-817
-109
601
1212
1623
1670
1831
2109
2321
2784
3592
4440
5033
5411
5869
6540
6901
6982
6788
6503
6197
5470
4239
2780
1290
-217
-1789
-3318
-4307
-4950
-5503
-5531
-5099
-4534
-3906
-3498
-3227
-2605
-2010
-1701
-1191
-682
-502
-348
-379
-451
-217
-275
-567
-597
-725
-867
-919
-1143
-1411
-1465
-1667
-1969
-2230
-2571
-2791
-2961
-2901
-2544
-2182
-1935
-1498
-842
-289
149
342
519
864
1117
1595
2549
3389
3846
4286
5010
5773
6129
6124
6075
5968
5688
5343
4285
2961
1729
256
-1085
-1948
-2715
-3438
-3735
-3856
-3552
-2873
-2411
-2075
-1691
-1379
-1056
-821
-715
-652
-642
-714
-823
-818
-796
-864
-1032
-1180
-1201
-1010
-905
-1084
-1222
-1377
-1582
-1799
-2193
-2678
-3085
-3183
-3137
-2856
-2278
-1692
-1121
-366
337
740
1099
1355
1614
2091
2651
3326
3949
4155
4330
4864
5331
5570
5754
5789
5736
5631
5286
4548
3775
2614
1204
-231
-1718
-3005
-3953
-4884
-5405
-5288
-5204
-4978
-4542
-4133
-3586
-2840
-2346
-1832
-1164
-791
-521
-304
-199
-179
-296
-529
-722
-955
-1080
-883
-727
-512
-224
-355
-713
-939
-1300
-1506
-1387
-1395
-1152
-763
-500
-166
261
630
1011
1339
1637
1989
2240
2884
3840
4464
4914
5126
5282
5476
5522
5356
5247
5203
4709
4188
3405
2460
1367
154
-1203
-2381
-3369
-4346
-5120
-5610
-5704
-5590
-5242
-4797
-4240
-3597
-3003
-2580
-2107
-1489
-1066
-698
-535
-583
-475
-459
-686
-812
-938
-1040
-963
-1032
-1081
-960
-1030
-1270
-1456
-1654
-1879
-1912
-1937
-1832
-1492
-1164
-839
-215
423
943
1456
1811
2111
2395
2930
3704
4315
4596
4768
5088
5374
5448
5435
5388
5299
5112
4609
3847
3236
2258
1071
-47
-1138
-2279
-3313
-4244
-4898
-5079
-5264
-5291
-5106
-4651
-4134
-3665
-3176
-2495
-1656
-860
-236
62
333
348
118
-193
-423
-568
-618
-675
-617
-338
-185
-214
-553
-985
-1421
-1805
-1992
-1967
-1824
-1591
-1186
-835
-216
402
627
921
1404
1777
2280
3093
4080
5129
5571
5747
6220
6309
6070
5721
5132
4955
4796
4061
3201
2487
1443
350
-912
-2080
-2872
-3608
-4297
-4621
-4715
-4844
-4812
-4801
-4496
-3981
-3666
-3421
-2895
-2376
-1906
-1515
-1391
-1106
-830
-862
-886
-827
-939
-934
-852
-734
-528
-544
-882
-1160
-1458
-1704
-1714
-1713
-1489
-1203
-1163
-1099
-817
-542
-119
372
826
1519
2092
2616
3438
4553
5344
5636
5816
6137
6443
6236
5904
5579
5409
5095
4525
3677
2760
1601
272
-988
-2167
-3108
-4123
-4938
-5261
-5257
-5094
-4939
-4772
-4478
-3977
-3483
-3138
-2628
-2016
-1486
-1093
-787
-621
-438
-303
-514
-616
-578
-548
-571
-536
-523
-582
-672
-840
-951
-1049
-1203
-1345
-1292
-1293
-1323
-1312
-1346
-1186
-853
-464
-12
586
1119
1809
2822
3978
5057
5682
5999
6224
6461
6409
6251
6024
5761
5242
4491
3631
2546
1429
401
-782
-1877
-2683
-3418
-3948
-4216
-4416
-4381
-4211
-4082
-3847
-3570
-3410
-3113
-2665
-2147
-1410
-926
-632
-435
-333
-372
-546
-750
-940
-915
-832
-690
-584
-514
-522
-639
-661
-848
-1231
-1328
-1179
-1126
-916
-619
-448
-173
180
553
924
1229
1322
1454
1859
2592
3461
4100
4685
5216
5681
5875
5865
5739
5551
4988
4181
3440
2471
1458
432
-872
-2038
-3012
-4007
-4704
-5201
-5676
-5619
-5329
-5206
-4658
-4143
-3968
-3610
-3225
-2857
-2042
-1370
-1077
-624
-349
-345
-387
-572
-735
-552
-359
-281
-237
-267
-397
-563
-690
-824
-959
-1051
-1088
-1016
-801
-505
-285
22
277
460
1032
1634
1907
2377
2944
3628
4734
5532
5810
6239
6592
6440
6547
6417
5796
5281
4539
3609
3032
2323
1144
-59
-1419
-2657
-3534
-4399
-5102
-5342
-5478
-5448
-5240
-5010
-4650
-4362
-4209
-3896
-3361
-2644
-1987
-1623
-1182
-809
-851
-872
-881
-1026
-919
-812
-947
-706
-325
-278
-142
-79
-174
-104
-124
-266
-93
-45
-94
-17
-65
196
625
796
864
1039
1291
1729
2508
3375
3989
4323
4708
5192
5575
5726
5475
5036
4732
4348
3840
3329
2610
1694
691
-388
-1467
-2639
-3565
-4285
-4635
-4648
-4586
-4568
-4582
-4445
-4155
-3794
-3379
-2737
-2304
-1925
-1375
-1018
-720
-433
-453
-636
-669
-645
-532
-434
-462
-610
-729
-625
-605
-700
-757
-931
-1198
-1153
-1052
-985
-664
-591
-402
68
327
636
1060
1187
1270
1704
2257
3038
3795
4269
4837
5512
5859
5946
5933
5810
5477
4953
4379
3727
2760
1675
445
-871
-1907
-2790
-3688
-4384
-4841
-5220
-5147
-4870
-4717
-4425
-4071
-3783
-3109
-2319
-1740
-1021
-702
-708
-550
-622
-890
-1148
-1605
-1768
-1490
-1561
-1664
-1486
-1420
-1308
-1070
-977
-893
-822
-957
-778
-434
-189
-69
-40
139
341
577
895
1351
1719
2203
2891
3631
4467
5216
5837
6471
6834
6820
6784
6633
6456
6129
5351
4390
3328
2209
1223
114
-1135
-2398
-3701
-4771
-5348
-5644
-5810
-5986
-6033
-5697
-5083
-4431
-3963
-3625
-3108
-2612
-2123
-1595
-1177
-737
-412
-207
54
410
534
561
524
323
213
-47
-553
-941
-1023
-974
-886
-944
-1043
-987
-943
-854
-741
-688
-550
-395
-226
196
835
1452
2220
3027
3675
4296
4839
5296
5715
6034
6055
5979
5833
5384
4717
3886
2777
1561
240
-1200
-2493
-3652
-4720
-5288
-5552
-5822
-5873
-5812
-5473
-4829
-4213
-3543
-2840
-2249
-1553
-987
-528
-31
170
104
41
12
30
118
54
17
61
-2
0
19
-65
-103
-75
-118
-167
-53
27
-55
-263
-488
-646
-674
-699
-745
-484
-35
475
1316
2491
3523
4315
4981
5538
6081
6448
6454
6324
6188
5712
5107
4261
3131
2085
891
-559
-1758
-2807
-3959
-4789
-5353
-5833
-5931
-6003
-6105
-5738
-5231
-4762
-4115
-3546
-3010
-2221
-1452
-786
-247
188
566
636
538
502
468
395
280
153
133
159
28
12
-15
-183
-274
-482
-609
-395
-346
-526
-494
-337
-141
51
222
467
916
1550
2132
2946
4037
4757
5159
5628
5983
6148
6175
6034
5902
5697
5238
4431
3453
2283
1073
-382
-2059
-3384
-4485
-5602
-6443
-6838
-6933
-6820
-6587
-6324
-5808
-4988
-4284
-3861
-3116
-2299
-1843
-1263
-788
-541
-182
-19
-132
131
441
615
772
672
688
836
589
412
314
-123
-304
-524
-767
-644
-578
-765
-827
-649
-417
-218
-119
321
839
1237
2019
3048
3967
4849
5486
5962
6664
6883
6608
6477
6286
5876
5376
4496
3350
2388
1166
-258
-1485
-2750
-3869
-4707
-5504
-6066
-6198
-6531
-6843
-6650
-6304
-5769
-5265
-4927
-4286
-3333
-2644
-2106
-1459
-1008
-675
-352
-68
362
778
909
991
1093
1184
1249
1045
701
486
309
51
-130
-197
-119
85
295
477
682
971
1231
1399
1665
1995
2260
2791
3579
4307
4887
5396
5787
6217
6544
6528
6399
6229
5843
5259
4396
3279
2191
785
-912
-2442
-3798
-5004
-6002
-6760
-7241
-7560
-7862
-7771
-7432
-6994
-6332
-5782
-5238
-4465
-3562
-2555
-1523
-766
-139
293
363
471
681
822
962
1041
1031
1028
976
827
718
669
502
229
-55
-277
-232
-94
-107
16
226
299
459
623
638
917
1271
1327
1940
3025
3871
4555
5091
5647
6316
6845
6891
6665
6368
5938
5275
4297
3052
1561
-97
-1835
-3511
-4847
-5855
-7008
-7784
-8067
-8145
-7895
-7562
-7100
-6343
-5558
-4932
-4087
-3064
-2136
-1238
-417
310
942
1416
1613
1681
1860
2028
1978
1793
1703
1574
1350
1149
810
534
329
-128
-459
-426
-325
-242
-239
-289
-122
20
109
303
462
715
1193
1610
2364
3491
4117
4581
5417
6356
6927
7136
7053
6860
6586
6003
4993
3725
2386
744
-1055
-2733
-4195
-5516
-6863
-7994
-8466
-8404
-8276
-7903
-7289
-6532
-5622
-4758
-4042
-3097
-2006
-1271
-720
-141
537
1183
1675
1907
2065
2237
2182
1955
1848
1944
1767
1369
958
599
410
83
-348
-548
-734
-1038
-1229
-1278
-1156
-852
-737
-609
-202
99
487
990
1354
2167
3239
3805
4266
4920
5576
6081
6211
6131
6145
5949
5320
4488
3424
2204
836
-902
-2649
-4151
-5504
-6575
-7404
-7961
-8089
-8057
-7868
-7296
-6363
-5292
-4200
-3255
-2309
-1236
-305
419
953
1497
1892
2058
2020
1883
1834
1683
1386
1194
1130
878
573
227
-68
-140
-273
-567
-700
-671
-602
-530
-546
-469
-350
-280
-131
103
457
975
1469
2002
2931
3966
4708
5214
5747
6506
7008
7056
6948
6619
6006
5222
4175
2831
1396
-251
-2127
-3748
-5076
-6290
-7301
-8096
-8542
-8535
-8383
-8176
-7762
-7067
-6221
-5365
-4499
-3608
-2583
-1534
-663
166
1078
1749
2152
2401
2483
2596
2681
2645
2628
2595
2459
2232
1921
1562
1217
900
623
496
411
302
130
-58
2
109
211
359
422
563
905
1214
1557
2227
3044
3815
4400
4875
5641
6290
6301
6301
6316
5997
5484
4577
3301
2055
561
-1344
-3160
-4893
-6454
-7670
-8691
-9246
-9250
-9180
-8973
-8361
-7481
-6386
-5352
-4299
-2925
-1636
-594
349
1014
1513
1931
2041
1953
1840
1708
1454
1100
867
932
983
868
802
697
606
496
261
106
-90
-339
-378
-343
-223
-87
-216
-333
-134
88
274
541
809
1309
2120
3167
4139
4614
4943
5498
5890
6050
6099
5797
5317
4836
4032
2957
1808
351
-1303
-2860
-4218
-5438
-6561
-7453
-7907
-7913
-7678
-7267
-6642
-5767
-4811
-4016
-3131
-2016
-978
-125
616
1191
1768
2274
2356
2154
1982
1932
1775
1475
1205
1055
993
913
830
793
615
324
193
82
-66
-149
-185
-176
-88
-11
-106
-175
-19
217
487
921
1371
1868
2568
3366
4148
4790
5293
5719
6011
6097
5950
5678
5169
4251
3160
2039
724
-729
-2206
-3880
-5387
-6531
-7585
-8176
-8286
-8337
-8019
-7467
-6890
-5988
-5010
-4179
-3221
-2207
-1316
-365
433
922
1332
1682
1961
2182
2146
2041
2088
2023
1991
2152
2092
1807
1499
1194
951
673
194
-256
-433
-587
-769
-603
-282
-119
37
236
381
659
984
1093
1342
1719
2266
3188
3888
4022
4110
4366
4603
4678
4467
4059
3562
2948
2222
1344
253
-1027
-2486
-3912
-5036
-6061
-7013
-7656
-7961
-7875
-7400
-6986
-6467
-5461
-4424
-3511
-2446
-1349
-409
427
1109
1701
2323
2801
2943
2959
3010
2997
2864
2696
2468
2280
2150
1903
1636
1341
865
395
25
-343
-599
-869
-1163
-1214
-1080
-922
-627
-396
-262
172
657
1037
1371
1635
2024
2615
3152
3412
3493
3574
3763
3752
3596
3521
3273
2768
2136
1390
627
-120
-1094
-2237
-3317
-4152
-4842
-5533
-5990
-6163
-6182
-6058
-5693
-5138
-4332
-3469
-2829
-1972
-918
-59
702
1428
2013
2624
3174
3313
3292
3258
3025
2751
2573
2308
1944
1588
1168
734
455
128
-341
-730
-916
-970
-959
-836
-714
-703
-730
-618
-358
-85
44
125
352
677
1028
1495
2136
2533
2685
2939
3271
3495
3615
3460
3195
3027
2694
2097
1259
276
-778
-1833
-2927
-3905
-4818
-5810
-6510
-6720
-6538
-6118
-5824
-5551
-4856
-4011
-3275
-2461
-1728
-1020
-156
668
1379
2106
2560
2721
2895
2953
2958
2862
2579
2301
2084
1767
1399
966
546
322
73
-174
-178
-137
-210
-223
-186
-57
134
139
20
93
233
281
345
413
599
918
1344
1741
2092
2460
2897
3227
3416
3735
3995
4069
3888
3476
2863
1937
689
-679
-2005
-3204
-4233
-5322
-6217
-6708
-7002
-7115
-6973
-6606
-5970
-5094
-4272
-3412
-2317
-1211
-304
625
1508
2229
2847
3271
3461
3608
3728
3441
3072
2792
2496
2307
2141
1826
1381
1044
767
491
122
-253
-430
-436
-301
-213
-202
-215
-312
-467
-299
-112
-70
37
75
326
867
1436
1767
2184
2666
3226
3759
3978
4196
4269
3945
3426
2937
2279
1496
397
-1006
-2204
-3286
-4486
-5716
-6562
-6941
-7034
-7006
-6820
-6272
-5562
-4846
-4076
-3192
-2253
-1315
-373
579
1585
2271
2582
2770
2956
2984
2777
2475
2021
1716
1466
1213
973
734
534
251
85
-11
-81
-188
-287
-376
-438
-455
-465
-520
-612
-642
-726
-718
-544
-370
-180
272
1003
1745
2364
2994
3726
4379
4678
4807
4873
4802
4490
3862
2993
2069
999
-237
-1424
-2689
-3813
-4811
-5631
-6112
-6283
-6353
-6325
-5920
-5283
-4486
-3764
-3022
-2033
-951
48
884
1749
2467
2828
2937
2965
2908
2628
2216
1763
1462
1186
743
312
12
-272
-522
-710
-902
-901
-809
-739
-604
-425
-319
-208
-151
-140
-57
79
52
78
316
576
1020
1586
2186
2695
3247
3750
4261
4667
4816
4827
4690
4305
3649
2829
1846
791
-356
-1519
-2743
-3831
-4745
-5560
-6072
-6234
-6078
-5866
-5541
-5038
-4321
-3509
-2693
-1801
-879
6
641
1236
1790
2191
2405
2391
2270
2144
1985
1649
1444
1365
1354
1291
1022
700
429
228
-7
-196
-385
-490
-574
-664
-505
-324
-250
-315
-376
-421
-416
-396
-283
72
387
780
1369
1996
2383
2693
2981
3282
3432
3372
3281
3142
2841
2404
1744
801
-160
-1347
-2607
-3661
-4523
-5264
-5851
-6320
-6571
-6354
-6026
-5600
-5066
-4481
-3786
-3040
-2235
-1329
-371
413
1232
2015
2648
3041
3225
3200
3162
3125
2970
2783
2544
2328
2161
1943
1625
1294
922
652
386
211
68
-26
-137
-147
-96
-94
-127
-246
-324
-480
-485
-315
-27
297
747
1302
1885
2408
2756
3176
3556
3716
3736
3671
3466
3038
2411
1771
1142
275
-740
-1680
-2535
-3379
-4101
-4686
-5073
-5191
-5291
-5350
-5239
-4915
-4471
-4000
-3475
-2858
-2032
-1159
-314
507
1195
1660
1943
2147
2261
2324
2279
2241
2218
2263
2096
1767
1451
1043
673
317
64
-110
-164
-276
-361
-287
-279
-319
-396
-432
-422
-365
-295
-156
110
417
827
1335
1882
2276
2526
2782
3226
3557
3552
3513
3478
3328
2976
2414
1736
976
-3
-1164
-2120
-2919
-3684
-4321
-4812
-5081
-5158
-5271
-5353
-5175
-4821
-4402
-3919
-3312
-2592
-1727
-935
-136
690
1297
1683
2025
2315
2519
2643
2513
2430
2309
2075
1731
1306
872
576
341
25
-138
-241
-387
-465
-450
-406
-375
-506
-613
-531
-384
-209
-58
110
444
752
1043
1598
2235
2632
2840
3019
3233
3402
3384
3266
3174
3012
2668
2091
1410
672
-311
-1407
-2440
-3388
-4311
-5135
-5736
-6007
-6072
-6138
-5990
-5669
-5203
-4598
-3830
-2943
-1934
-998
-175
786
1766
2683
3293
3574
3723
3873
3836
3598
3309
3020
2818
2527
2219
2008
1790
1406
856
420
92
-229
-685
-973
-952
-831
-712
-691
-551
-479
-489
-612
-626
-528
-495
-424
-118
666
1454
1940
2215
2742
3278
3541
3595
3601
3665
3504
3157
2610
2103
1392
358
-740
-1756
-2695
-3741
-4675
-5387
-5762
-5962
-6038
-5863
-5396
-4766
-4217
-3536
-2738
-1849
-1126
-525
264
979
1620
1961
2169
2389
2485
2384
2183
2043
1835
1657
1379
1131
1073
901
521
238
70
-109
-304
-500
-661
-722
-854
-1033
-1039
-1052
-1129
-1300
-1339
-1107
-871
-659
-374
227
922
1515
2029
2664
3326
3581
3709
3848
3997
3919
3542
2972
2351
1678
637
-516
-1613
-2600
-3577
-4523
-5090
-5290
-5252
-5248
-5004
-4528
-3871
-3157
-2497
-1654
-623
358
1159
2001
2697
3302
3580
3589
3548
3414
3065
2506
2082
1669
1359
938
511
146
-163
-441
-728
-869
-1051
-1109
-1223
-1195
-1056
-961
-970
-1058
-1076
-1199
-1245
-1273
-1148
-932
-692
-306
324
1031
1565
1957
2393
3014
3419
3615
3751
3924
3924
3713
3192
2513
1777
808
-293
-1426
-2436
-3388
-4208
-4778
-5060
-5221
-5333
-5227
-4866
-4225
-3570
-2994
-2214
-1179
-135
727
1482
2175
2776
3073
3188
3231
3138
2956
2624
2282
2045
1816
1422
1101
832
516
131
-285
-583
-678
-759
-903
-980
-970
-886
-996
-1143
-1227
-1300
-1465
-1645
-1691
-1571
-1332
-1087
-609
82
774
1385
1965
2598
3246
3705
3895
4038
4163
4017
3600
2931
2164
1303
193
-1083
-2292
-3330
-4273
-5115
-5642
-5779
-5765
-5678
-5394
-4781
-4011
-3259
-2502
-1567
-435
658
1506
2286
3060
3597
3793
3828
3817
3662
3320
2783
2357
1980
1561
1094
719
434
45
-466
-998
-1271
-1468
-1553
-1616
-1600
-1517
-1560
-1673
-1784
-1821
-1972
-2058
-2043
-1831
-1488
-1204
-755
-58
853
1577
2165
2805
3573
4241
4520
4667
4778
4868
4547
3941
3247
2439
1422
186
-1059
-2227
-3161
-4078
-4868
-5236
-5314
-5321
-5195
-4750
-4101
-3304
-2608
-1812
-853
142
998
1691
2410
3035
3378
3386
3375
3279
3034
2647
2310
2022
1752
1407
986
706
468
233
-78
-333
-474
-602
-759
-1017
-1250
-1408
-1530
-1722
-1938
-2035
-2143
-2280
-2308
-2142
-1793
-1386
-853
-109
763
1449
2044
2712
3447
4064
4368
4515
4637
4642
4275
3646
2862
1935
811
-465
-1733
-2901
-3819
-4695
-5385
-5630
-5643
-5664
-5592
-5205
-4535
-3822
-3226
-2478
-1572
-545
464
1291
1983
2530
2857
2984
3100
2954
2656
2272
1881
1610
1378
1117
883
722
471
147
-186
-548
-746
-918
-1164
-1300
-1341
-1334
-1313
-1254
-1232
-1226
-1338
-1430
-1341
-1158
-953
-717
-247
507
1303
2001
2642
3298
3949
4364
4445
4492
4596
4543
4189
3594
2955
2242
1245
-10
-1188
-2211
-3148
-4077
-4782
-5129
-5134
-5000
-4817
-4354
-3692
-2986
-2424
-1864
-1122
-249
478
1052
1619
2146
2504
2645
2666
2657
2551
2254
1885
1533
1251
920
574
275
72
-167
-466
-789
-1021
-1207
-1501
-1779
-2012
-2087
-2128
-2172
-2220
-2156
-2074
-2016
-1805
-1529
-1111
-690
-213
463
1390
2290
2966
3599
4306
4982
5386
5567
5624
5665
5480
5054
4439
3714
2827
1675
415
-867
-2116
-3347
-4476
-5411
-5965
-6173
-6162
-5944
-5499
-4814
-4068
-3305
-2470
-1551
-688
76
752
1399
1998
2396
2530
2473
2242
1950
1599
1081
536
63
-342
-675
-986
-1227
-1354
-1420
-1519
-1584
-1617
-1688
-1704
-1686
-1604
-1407
-1256
-1069
-880
-728
-584
-378
-168
37
403
823
1385
2055
2764
3448
4085
4697
5218
5585
5642
5465
5191
4766
4266
3558
2642
1524
301
-973
-2189
-3283
-4382
-5304
-5979
-6248
-6205
-5999
-5632
-4955
-4091
-3287
-2412
-1485
-512
343
1046
1665
2305
2797
2974
2981
2908
2820
2455
1939
1444
1029
578
13
-484
-774
-885
-1123
-1385
-1531
-1552
-1582
-1671
-1777
-1838
-1840
-1893
-1889
-1763
-1569
-1424
-1282
-1000
-540
-78
332
906
1678
2632
3439
4007
4673
5416
5952
6117
6159
6152
5910
5284
4407
3475
2452
1220
-222
-1629
-2839
-3889
-4892
-5742
-6250
-6506
-6549
-6374
-5951
-5247
-4423
-3548
-2523
-1418
-402
412
1029
1635
2185
2513
2575
2520
2390
2215
1942
1521
1104
716
297
-146
-386
-550
-792
-1054
-1291
-1327
-1339
-1434
-1572
-1569
-1562
-1593
-1533
-1441
-1346
-1244
-1088
-869
-480
-44
400
913
1548
2300
3063
3745
4336
4942
5441
5657
5709
5662
5381
4864
4117
3199
2255
1166
-83
-1382
-2622
-3693
-4602
-5431
-6073
-6430
-6572
-6578
-6332
-5790
-4994
-4182
-3386
-2456
-1379
-318
437
1057
1660
2157
2451
2628
2640
2498
2312
2064
1810
1571
1218
749
399
209
63
-66
-194
-336
-425
-490
-523
-626
-746
-870
-986
-1110
-1199
-1179
-1022
-860
-783
-584
-309
66
511
997
1634
2406
2943
3342
3872
4385
4627
4576
4425
4206
3849
3212
2400
1616
734
-218
-1236
-2257
-3133
-3946
-4698
-5217
-5324
-5235
-5058
-4789
-4274
-3494
-2662
-1888
-1138
-311
490
1144
1581
1997
2346
2459
2424
2310
2150
1910
1616
1216
847
655
382
-36
-397
-536
-554
-597
-712
-732
-623
-554
-599
-650
-637
-583
-557
-647
-657
-569
-431
-251
-38
243
622
953
1285
1749
2351
2893
3187
3443
3784
4043
4019
3759
3384
2965
2355
1531
647
-212
-1148
-2133
-3093
-3927
-4620
-5376
-6018
-6240
-6113
-5964
-5746
-5381
-4716
-3827
-3080
-2406
-1639
-773
40
712
1297
1879
2347
2565
2684
2660
2492
2267
1918
1587
1372
1204
1012
836
687
666
704
592
494
393
308
356
356
277
263
255
208
249
205
95
137
206
327
558
763
927
1260
1801
2325
2662
2839
3038
3274
3329
3191
2981
2794
2484
1947
1256
500
-289
-1092
-1954
-2791
-3389
-3960
-4553
-4907
-4996
-4864
-4630
-4427
-4080
-3443
-2742
-2143
-1578
-967
-316
311
931
1411
1768
1941
1984
1970
1854
1580
1160
937
830
684
426
179
94
141
117
-69
-144
-145
-145
-125
-183
-212
-219
-306
-471
-549
-552
-578
-587
-591
-512
-335
-24
298
677
1152
1681
2137
2515
2863
3209
3571
3692
3625
3433
3137
2667
2164
1556
777
23
-894
-1758
-2431
-3105
-3825
-4321
-4527
-4512
-4322
-4275
-4117
-3674
-3133
-2588
-2043
-1427
-718
42
638
1183
1685
1989
2089
2041
2064
1970
1717
1377
1086
947
810
592
269
98
35
-51
-150
-252
-325
-314
-231
-286
-281
-278
-396
-473
-485
-512
-586
-570
-500
-261
38
257
474
804
1229
1628
1946
2177
2475
2751
2881
2864
2780
2619
2289
1866
1352
755
51
-644
-1372
-2078
-2673
-3276
-3795
-4155
-4347
-4433
-4328
-4158
-3811
-3277
-2786
-2199
-1566
-930
-313
269
744
1240
1735
2006
2184
2380
2452
2331
2140
1910
1780
1652
1359
1111
988
886
682
539
392
286
240
117
36
-11
-89
-307
-412
-488
-586
-641
-705
-758
-683
-526
-421
-184
18
267
672
1135
1450
1669
1965
2216
2421
2501
2518
2520
2463
2276
1934
1523
988
365
-365
-1057
-1676
-2252
-2760
-3143
-3289
-3306
-3297
-3245
-3040
-2736
-2322
-2011
-1698
-1236
-771
-395
-56
207
409
638
683
630
546
465
357
178
-2
-110
-182
-314
-450
-513
-461
-362
-398
-493
-548
-597
-621
-708
-780
-752
-692
-594
-467
-353
-250
-81
31
111
333
469
640
990
1505
2057
2449
2670
2917
3260
3446
3617
3753
3801
3763
3556
3147
2703
2079
1239
421
-458
-1237
-1855
-2473
-2960
-3232
-3452
-3609
-3617
-3526
-3212
-2792
-2370
-1801
-1255
-707
-187
261
576
942
1145
1138
1156
1032
859
687
496
245
151
-33
-236
-355
-531
-737
-971
-1125
-1246
-1352
-1421
-1410
-1357
-1195
-1106
-1182
-1179
-1165
-1237
-1242
-1202
-1146
-916
-612
-336
80
510
1048
1584
1997
2402
2801
3215
3564
3891
4133
4348
4395
4226
3909
3400
2765
1987
1060
158
-715
-1543
-2278
-2840
-3209
-3460
-3649
-3761
-3604
-3288
-2887
-2493
-2032
-1431
-790
-217
292
724
1161
1520
1623
1642
1595
1483
1259
955
630
482
330
145
15
-104
-176
-312
-491
-624
-632
-694
-827
-884
-854
-876
-911
-1002
-1135
-1178
-1269
-1486
-1659
-1746
-1739
-1586
-1390
-1031
-482
78
646
1192
1679
2257
2764
3119
3425
3674
3748
3718
3592
3239
2847
2221
1411
578
-252
-1084
-1918
-2671
-3249
-3505
-3648
-3685
-3551
-3275
-2833
-2338
-1826
-1260
-698
-235
130
479
842
1168
1366
1433
1466
1406
1281
1045
783
524
233
67
-87
-238
-334
-363
-395
-362
-320
-331
-339
-403
-504
-541
-631
-729
-779
-933
-997
-939
-902
-764
-556
-514
-368
-38
321
876
1495
1955
2540
3198
3653
3973
4169
4230
4177
4019
3654
3112
2443
1705
910
38
-772
-1610
-2486
-3243
-3768
-4059
-4159
-4163
-4029
-3647
-3170
-2653
-2128
-1540
-957
-429
32
383
729
1003
1160
1173
1199
1159
1042
898
680
539
411
246
65
-1
-88
-204
-288
-340
-352
-394
-467
-548
-630
-779
-911
-1112
-1326
-1486
-1600
-1717
-1721
-1579
-1459
-1213
-882
-582
-160
431
996
1565
2122
2561
3167
3690
3892
4055
4134
4052
3884
3550
2990
2493
1725
825
119
-674
-1440
-2090
-2791
-3265
-3415
-3637
-3719
-3664
-3484
-3053
-2650
-2408
-1931
-1370
-916
-369
42
469
928
1135
1167
1348
1398
1361
1290
951
783
737
587
392
263
58
-91
-222
-413
-418
-425
-506
-584
-679
-848
-937
-1066
-1245
-1265
-1256
-1166
-1083
-974
-691
-350
-51
282
661
1127
1672
2088
2487
3010
3420
3645
3874
3980
3945
3790
3419
2967
2474
1805
1003
152
-755
-1591
-2367
-3116
-3626
-3924
-4148
-4294
-4368
-4275
-3907
-3542
-3108
-2516
-1869
-1099
-366
188
730
1242
1556
1853
2023
2002
1983
1816
1574
1467
1273
1015
868
608
421
333
89
-24
-68
-181
-179
-233
-385
-376
-412
-574
-632
-778
-874
-882
-1001
-1017
-963
-941
-795
-613
-477
-91
357
758
1238
1652
2106
2722
3072
3298
3645
3758
3649
3398
2959
2461
2025
1293
445
-330
-1131
-1940
-2713
-3479
-4046
-4304
-4501
-4555
-4429
-4126
-3685
-3267
-2805
-2172
-1524
-926
-359
80
546
1037
1215
1275
1428
1445
1336
1171
780
460
261
-111
-352
-353
-399
-346
-197
-207
-116
-35
-56
60
192
250
308
310
203
142
7
-156
-271
-422
-387
-325
-313
-214
-20
364
942
1354
1766
2356
2851
3350
3725
3819
4054
4197
3887
3644
3302
2674
2052
1232
314
-303
-1050
-1954
-2599
-3165
-3551
-3738
-4007
-4098
-3836
-3575
-3226
-2748
-2220
-1526
-920
-483
-68
342
709
932
929
914
909
758
619
361
30
-103
-299
-468
-493
-516
-475
-332
-306
-278
-67
58
59
120
158
216
223
47
-176
-365
-512
-690
-842
-936
-924
-821
-701
-617
-316
216
792
1313
1768
2312
2959
3429
3696
3886
3976
3963
3749
3330
2834
2211
1440
590
-334
-1186
-1991
-2824
-3578
-4040
-4323
-4442
-4438
-4312
-3860
-3312
-2822
-2236
-1575
-921
-289
154
574
1113
1473
1643
1634
1502
1423
1222
905
618
300
19
-190
-457
-555
-526
-567
-547
-442
-395
-276
-174
-217
-181
-208
-256
-220
-252
-334
-368
-466
-577
-695
-843
-792
-623
-540
-375
-110
356
952
1370
1778
2450
3092
3541
3848
4031
4207
4171
3798
3338
2844
2266
1581
655
-296
-1070
-1847
-2630
-3219
-3678
-3907
-3953
-3982
-3828
-3497
-3081
-2655
-2182
-1581
-958
-388
39
362
718
993
1080
1049
1014
945
864
753
641
595
484
369
366
283
193
203
239
314
324
297
387
526
453
353
236
82
36
-190
-486
-703
-962
-1111
-1185
-1198
-1111
-909
-688
-302
316
804
1305
1815
2378
2970
3331
3549
3736
3801
3643
3363
2860
2287
1687
848
-99
-969
-1780
-2495
-3141
-3668
-3938
-3982
-3957
-3876
-3563
-3099
-2645
-2286
-1883
-1293
-748
-390
-154
63
257
399
368
262
192
24
-169
-248
-292
-378
-365
-420
-428
-293
-238
-107
140
284
409
599
672
752
769
664
654
470
142
-117
-399
-625
-656
-776
-879
-698
-558
-404
-90
292
849
1530
1915
2321
3004
3552
3996
4262
4371
4432
4226
3749
3244
2651
1869
972
-124
-1132
-1867
-2561
-3234
-3703
-3981
-4076
-4061
-4045
-3699
-3139
-2715
-2258
-1780
-1315
-828
-428
-189
87
352
467
507
505
507
455
365
203
103
52
174
323
404
626
728
794
916
964
914
925
843
657
528
270
17
-187
-490
-747
-865
-1035
-1136
-1193
-1145
-934
-757
-537
-200
286
864
1444
1870
2383
2987
3412
3702
3857
3930
3919
3647
3094
2484
1880
1124
278
-562
-1313
-1914
-2546
-3197
-3628
-3904
-4036
-4076
-4019
-3728
-3307
-2904
-2527
-1992
-1467
-998
-584
-364
-99
126
136
131
111
-14
-130
-202
-238
-93
70
120
192
318
390
501
582
680
791
811
822
745
591
410
250
54
-52
-247
-455
-525
-600
-667
-683
-617
-481
-223
-37
230
785
1415
1987
2395
2790
3320
3719
3862
3925
3926
3807
3534
2988
2466
1958
1328
578
-198
-938
-1633
-2323
-3091
-3582
-3866
-4086
-4223
-4258
-4160
-3879
-3547
-3281
-2826
-2316
-1778
-1335
-1106
-730
-293
-7
177
375
573
733
782
700
723
807
853
896
924
945
923
872
882
908
880
828
680
503
371
238
97
-45
-221
-353
-346
-310
-292
-263
-161
38
218
401
713
1205
1824
2336
2677
3011
3458
3764
3884
3962
4013
3919
3612
3136
2490
1895
1189
327
-507
-1250
-2021
-2836
-3515
-3911
-4033
-4186
-4367
-4362
-4137
-3803
-3501
-3254
-2892
-2411
-1994
-1578
-1164
-833
-515
-271
-133
0
43
-52
-72
-47
31
138
197
265
335
396
451
563
590
586
615
584
468
330
169
110
156
73
-134
-290
-375
-411
-417
-489
-419
-230
-34
213
530
951
1579
2075
2279
2652
3123
3377
3533
3646
3660
3558
3205
2644
2103
1586
884
109
-661
-1338
-1940
-2637
-3275
-3725
-3994
-4115
-4162
-4096
-3856
-3465
-3087
-2687
-2214
-1635
-1064
-590
-153
186
501
753
878
942
997
1019
1039
1091
1119
1123
1149
1050
980
890
756
722
662
594
611
643
540
443
303
121
-18
-141
-328
-469
-522
-582
-587
-605
-579
-452
-233
8
354
763
1197
1624
1983
2423
2900
3303
3588
3744
3775
3686
3491
3175
2702
2099
1389
628
-137
-863
-1594
-2282
-2895
-3392
-3777
-4006
-4100
-4072
-3895
-3660
-3341
-3062
-2810
-2507
-2143
-1776
-1440
-1146
-879
-639
-431
-264
-128
47
164
250
366
453
583
742
843
949
1006
1021
1040
984
874
771
647
463
322
191
94
15
-119
-245
-384
-515
-604
-688
-768
-712
-570
-451
-314
-54
386
842
1182
1530
2025
2469
2801
3020
3171
3293
3257
3010
2659
2326
1866
1332
699
29
-559
-1182
-1831
-2391
-2783
-3067
-3252
-3390
-3349
-3100
-2783
-2496
-2207
-1870
-1473
-1067
-785
-462
-169
98
334
413
468
528
608
696
817
837
801
804
757
795
843
793
680
592
464
367
293
194
91
-29
-147
-252
-332
-450
-516
-603
-710
-797
-832
-785
-691
-578
-492
-357
-111
275
663
887
1213
1696
2184
2604
2867
3071
3226
3306
3174
2894
2502
2011
1520
884
175
-501
-1205
-1951
-2552
-2899
-3075
-3139
-3213
-3175
-2861
-2516
-2236
-1961
-1574
-1064
-609
-272
3
293
536
630
621
608
628
615
587
622
622
573
480
439
483
481
432
408
404
382
369
305
203
168
7
-255
-489
-730
-955
-1145
-1287
-1420
-1418
-1394
-1336
-1215
-1087
-890
-599
-143
435
1010
1388
1805
2317
2736
3048
3281
3418
3429
3264
2872
2406
1878
1244
495
-302
-1040
-1659
-2212
-2759
-3180
-3382
-3400
-3448
-3498
-3369
-3077
-2738
-2428
-2084
-1679
-1208
-830
-532
-255
-51
181
373
548
741
890
959
1023
1098
1115
1159
1200
1241
1272
1297
1278
1228
1179
1095
1039
948
845
754
628
408
211
13
-199
-405
-661
-837
-936
-1012
-1079
-1025
-917
-711
-375
72
611
1046
1457
1943
2418
2773
3009
3119
3107
2970
2649
2265
1849
1343
717
-35
-800
-1449
-2008
-2510
-2899
-3113
-3163
-3131
-3154
-3104
-2850
-2496
-2157
-1846
-1464
-1022
-624
-352
-119
106
314
504
606
691
812
899
919
935
976
1006
1032
983
937
955
866
720
597
501
472
443
355
201
-8
-191
-306
-452
-591
-637
-713
-816
-869
-878
-793
-600
-430
-253
33
441
915
1215
1443
1793
2166
2393
2515
2591
2575
2493
2235
1822
1369
869
293
-402
-1123
-1714
-2159
-2665
-3144
-3456
-3542
-3483
-3469
-3472
-3331
-3001
-2599
-2197
-1812
-1284
-734
-321
32
409
757
956
1051
1095
1186
1218
1140
1059
963
859
731
623
561
552
527
449
386
311
230
169
48
-48
-66
-153
-220
-276
-341
-347
-348
-401
-331
-196
-112
51
236
452
702
993
1372
1783
2112
2325
2650
2907
3034
3126
3131
3124
3005
2712
2273
1757
1225
602
-128
-864
-1548
-2174
-2772
-3308
-3699
-3905
-3999
-4069
-3993
-3726
-3380
-3000
-2591
-2140
-1581
-1005
-583
-202
229
601
885
1116
1321
1486
1548
1517
1512
1523
1454
1354
1195
1030
954
876
776
642
513
385
270
145
-16
-159
-296
-435
-590
-753
-825
-804
-806
-826
-815
-747
-645
-568
-523
-340
-5
420
888
1181
1390
1703
2002
2126
2139
2146
2167
2129
1901
1592
1178
649
111
-440
-963
-1400
-1816
-2298
-2678
-2877
-2882
-2801
-2748
-2604
-2259
-1824
-1427
-1004
-607
-180
292
605
898
1234
1410
1414
1369
1309
1245
1128
881
681
486
194
-20
-169
-342
-524
-700
-778
-765
-751
-796
-849
-895
-943
-873
-761
-692
-658
-621
-488
-332
-237
-130
1
101
246
439
594
757
877
1083
1468
1800
1933
2041
2207
2347
2408
2334
2256
2213
2076
1786
1384
830
365
-104
-716
-1290
-1770
-2114
-2421
-2722
-2989
-3080
-3093
-3024
-2761
-2377
-1939
-1579
-1204
-694
-116
290
521
783
1099
1319
1391
1362
1353
1340
1190
1117
1038
837
632
465
316
223
155
35
-44
-144
-199
-217
-311
-375
-306
-194
-187
-298
-412
-402
-396
-448
-508
-535
-471
-321
-155
-55
74
215
525
1018
1375
1565
1796
2106
2342
2463
2476
2479
2430
2247
2029
1790
1391
856
241
-365
-850
-1298
-1793
-2270
-2567
-2689
-2722
-2757
-2802
-2727
-2481
-2240
-2013
-1679
-1250
-827
-487
-237
31
296
398
478
518
516
506
380
232
147
58
-84
-215
-345
-442
-451
-478
-486
-469
-451
-401
-354
-348
-377
-304
-242
-284
-281
-263
-195
-82
-46
-4
79
170
268
366
423
555
841
1156
1367
1491
1695
1938
2137
2214
2284
2363
2374
2254
2017
1750
1412
1022
502
-18
-474
-948
-1428
-1877
-2184
-2383
-2513
-2612
-2558
-2320
-2023
-1744
-1476
-1087
-617
-190
96
332
632
873
972
964
901
880
806
613
438
307
203
82
-64
-184
-303
-417
-500
-580
-644
-651
-673
-745
-746
-661
-568
-448
-411
-418
-319
-181
-60
23
119
284
487
595
668
809
956
1219
1514
1652
1723
1949
2152
2264
2310
2264
2266
2268
2099
1813
1451
1025
579
30
-485
-941
-1407
-1879
-2276
-2538
-2644
-2714
-2804
-2781
-2642
-2410
-2113
-1861
-1556
-1112
-683
-331
-50
182
412
601
604
601
662
662
602
552
538
520
492
441
419
403
388
326
250
182
79
-11
-114
-259
-380
-416
-429
-445
-509
-580
-601
-672
-778
-852
-893
-848
-790
-723
-564
-335
-31
340
626
848
1140
1450
1724
1886
1968
2038
2058
1928
1724
1479
1177
856
401
-119
-546
-927
-1341
-1703
-1963
-2079
-2091
-2100
-2014
-1727
-1403
-1145
-885
-613
-289
26
260
435
617
780
856
908
959
989
965
876
794
712
662
575
439
275
115
11
-87
-182
-305
-361
-366
-382
-441
-506
-526
-548
-553
-554
-532
-507
-521
-496
-433
-342
-260
-189
-100
41
264
594
972
1214
1441
1781
2067
2271
2417
2533
2650
2648
2458
2200
1862
1409
915
353
-228
-744
-1179
-1643
-2078
-2387
-2512
-2535
-2531
-2477
-2268
-1952
-1703
-1463
-1202
-913
-622
-367
-219
-3
184
207
171
101
56
57
17
-71
-68
-72
-75
-12
3
14
85
141
149
133
104
97
94
29
-72
-113
-160
-268
-355
-374
-371
-407
-465
-488
-441
-354
-312
-237
-117
13
292
653
920
1157
1523
1880
2178
2314
2341
2409
2443
2316
2066
1768
1420
1037
456
-153
-628
-1081
-1578
-2038
-2374
-2549
-2617
-2764
-2864
-2715
-2391
-2084
-1814
-1508
-1098
-616
-255
-20
185
453
660
756
822
897
1011
1025
969
885
851
837
778
699
672
648
504
326
149
40
-22
-118
-229
-361
-495
-632
-767
-903
-996
-1074
-1167
-1188
-1160
-1081
-897
-771
-637
-366
28
485
919
1232
1549
2025
2413
2713
2888
3027
3175
3180
2996
2721
2382
1974
1515
885
290
-208
-747
-1331
-1907
-2298
-2481
-2591
-2750
-2798
-2654
-2407
-2166
-1977
-1651
-1288
-984
-784
-618
-370
-110
125
312
455
538
591
626
649
643
563
457
414
455
516
589
620
651
663
596
543
474
403
289
114
-95
-250
-402
-553
-624
-705
-680
-710
-847
-880
-812
-757
-682
-562
-266
308
738
1065
1497
1927
2287
2449
2358
2336
2398
2260
2053
1698
1265
910
371
-272
-799
-1269
-1749
-2212
-2696
-2987
-3093
-3206
-3187
-3050
-2809
-2511
-2288
-2068
-1687
-1302
-970
-674
-471
-223
11
190
428
660
751
790
847
825
776
711
630
592
601
633
672
695
719
778
766
695
571
437
355
274
204
187
160
58
-68
-133
-136
-131
-131
-49
135
339
515
725
1113
1593
1866
2073
2352
2550
2708
2686
2690
2721
2497
2116
1826
1485
1097
622
-45
-583
-1115
-1642
-2117
-2506
-2798
-2945
-3069
-3153
-3032
-2858
-2568
-2302
-2119
-1856
-1555
-1268
-964
-698
-434
-182
-30
82
272
409
446
478
444
421
483
549
600
606
534
459
412
399
484
545
517
532
472
402
307
144
26
-80
-258
-458
-580
-657
-661
-660
-649
-507
-396
-346
-221
149
727
1206
1354
1554
1885
2123
2332
2463
2663
2832
2765
2478
2100
1625
1226
744
99
-458
-892
-1340
-1914
-2350
-2638
-2800
-2988
-3148
-3217
-3117
-2831
-2583
-2336
-2055
-1669
-1304
-932
-548
-162
185
420
635
783
924
1008
1001
944
883
801
727
717
656
588
431
265
201
108
-16
-113
-190
-297
-330
-398
-449
-468
-532
-561
-559
-512
-478
-383
-344
-287
-224
-247
-147
42
454
983
1393
1580
1893
2158
2304
2403
2331
2423
2440
2281
2073
1824
1463
1078
568
68
-259
-636
-985
-1357
-1690
-1909
-2096
-2275
-2336
-2218
-1966
-1633
-1382
-1140
-824
-592
-402
-216
-26
170
314
358
387
395
396
432
397
339
356
427
412
316
211
139
76
-61
-152
-195
-203
-185
-147
-155
-210
-271
-360
-352
-342
-287
-292
-258
-153
-46
41
81
124
169
286
504
944
1353
1539
1646
1849
2076
2226
2239
2174
2185
2089
1808
1425
1047
726
307
-304
-895
-1295
-1708
-2101
-2501
-2797
-2916
-3013
-3069
-3059
-2875
-2583
-2324
-2178
-1994
-1698
-1304
-976
-695
-328
66
291
347
468
621
766
839
846
856
834
790
765
730
703
715
652
525
429
329
241
162
73
-56
-153
-229
-335
-463
-542
-515
-494
-497
-457
-402
-234
-22
177
400
609
921
1354
1710
1958
2279
2483
2638
2739
2725
2695
2603
2371
2075
1656
1112
685
129
-462
-1002
-1588
-2124
-2577
-2951
-3159
-3213
-3210
-3047
-2816
-2529
-2183
-1896
-1570
-1201
-828
-442
-53
250
592
861
985
1066
1059
1034
1014
1003
929
859
704
579
476
277
182
161
164
158
131
123
171
151
60
24
-30
-17
-16
-73
-50
-9
13
14
28
57
182
210
219
347
581
956
1258
1374
1578
1856
2004
2125
2138
2140
2117
1972
1705
1378
972
553
58
-566
-1056
-1518
-1919
-2334
-2720
-2896
-3009
-3073
-3121
-3074
-2942
-2628
-2316
-2086
-1761
-1409
-1056
-789
-567
-377
-161
-31
32
103
96
134
135
99
98
132
152
158
174
203
304
337
352
356
327
358
426
485
510
550
570
645
709
714
680
621
603
577
551
539
605
682
752
794
909
1173
1420
1599
1752
1965
2140
2201
2139
2111
1995
1801
1547
1130
673
203
-276
-762
-1166
-1615
-2029
-2426
-2803
-2967
-3018
-2951
-2842
-2722
-2479
-2151
-1827
-1497
-1097
-691
-218
125
348
563
699
792
790
784
803
847
767
651
539
421
329
96
-177
-299
-370
-465
-524
-597
-545
-464
-436
-400
-293
-189
-56
10
48
251
458
649
724
714
786
916
953
1018
1148
1340
1636
1802
1776
1830
1945
1997
2008
1924
1854
1829
1635
1327
974
564
218
-200
-712
-1072
-1365
-1666
-1934
-2212
-2376
-2404
-2421
-2371
-2195
-1985
-1711
-1497
-1301
-1005
-667
-396
-179
-6
150
308
335
293
248
221
145
19
-120
-259
-397
-552
-676
-782
-817
-792
-815
-806
-730
-591
-421
-338
-266
-131
2
102
207
274
348
414
388
430
439
408
480
516
558
653
791
1048
1340
1473
1615
1819
1983
2088
2025
1941
1921
1811
1594
1305
906
577
190
-315
-795
-1206
-1509
-1817
-2129
-2362
-2400
-2355
-2349
-2330
-2135
-1809
-1534
-1264
-1060
-764
-402
-77
174
332
524
636
682
679
675
630
568
480
407
311
185
100
-8
-50
-51
-73
-139
-126
-33
74
136
132
204
278
285
241
192
232
306
310
258
301
432
583
666
756
931
1185
1446
1653
1813
2000
2253
2346
2368
2331
2302
2293
2104
1763
1407
1022
611
147
-425
-905
-1299
-1689
-2105
-2473
-2707
-2851
-2957
-3003
-3000
-2871
-2671
-2456
-2215
-1974
-1659
-1364
-1143
-898
-672
-492
-342
-264
-206
-118
-128
-179
-184
-158
-100
-117
-180
-244
-245
-209
-188
-155
-14
159
295
365
382
417
463
462
345
244
199
195
192
191
183
228
328
445
565
685
919
1195
1423
1609
1855
2133
2348
2453
2516
2618
2623
2503
2224
1880
1526
1111
651
142
-301
-653
-976
-1336
-1692
-1894
-1982
-2042
-2137
-2168
-2009
-1771
-1609
-1463
-1274
-1054
-799
-638
-544
-443
-406
-402
-396
-437
-500
-595
-693
-770
-836
-862
-898
-964
-965
-899
-791
-647
-517
-342
-131
33
155
308
498
659
744
800
887
961
1003
972
964
1009
1066
1111
1153
1262
1380
1567
1760
1832
1936
2106
2225
2275
2243
2202
2156
2023
1767
1514
1223
867
469
-11
-431
-836
-1242
-1659
-2041
-2309
-2486
-2611
-2689
-2673
-2548
-2321
-2126
-1958
-1763
-1527
-1272
-1054
-903
-715
-486
-321
-213
-134
-40
21
33
-40
-102
-105
-127
-164
-210
-220
-194
-188
-169
-152
-122
-61
-41
-56
-40
10
96
173
146
134
180
268
362
412
483
626
764
883
1040
1193
1411
1637
1712
1758
1878
1967
1992
1909
1724
1608
1463
1227
987
712
444
204
-96
-461
-806
-1145
-1400
-1629
-1820
-1907
-1945
-1894
-1797
-1640
-1475
-1270
-1080
-918
-761
-627
-507
-411
-332
-291
-249
-235
-187
-177
-264
-391
-511
-584
-648
-717
-792
-820
-818
-802
-788
-756
-596
-408
-256
-149
-48
80
206
308
359
432
532
655
752
816
931
1067
1258
1437
1567
1695
1892
2145
2314
2404
2484
2584
2611
2582
2526
2461
2375
2138
1841
1536
1187
835
399
-60
-491
-911
-1306
-1671
-2021
-2247
-2360
-2480
-2551
-2588
-2525
-2409
-2323
-2208
-2063
-1884
-1730
-1593
-1461
-1275
-1065
-906
-721
-546
-394
-289
-215
-137
-67
-63
-86
-70
-23
60
122
145
215
319
402
436
437
426
407
351
237
184
192
230
247
233
276
353
423
521
618
730
910
1069
1192
1272
1373
1506
1565
1573
1528
1519
1475
1301
1079
849
616
388
111
-210
-484
-698
-910
-1136
-1325
-1417
-1456
-1487
-1543
-1566
-1456
-1319
-1184
-1059
-960
-778
-589
-504
-432
-338
-197
-82
-80
-115
-108
-68
-63
-89
-147
-165
-171
-205
-224
-260
-232
-165
-120
-108
-110
-107
-126
-98
-90
-123
-118
-108
-54
62
158
266
394
503
672
843
957
1090
1242
1458
1705
1853
1983
2143
2224
2197
2138
2052
1981
1874
1623
1401
1220
1022
807
492
133
-176
-479
-823
-1132
-1405
-1576
-1656
-1796
-1937
-2034
-2052
-2003
-1990
-1969
-1872
-1774
-1702
-1618
-1567
-1443
-1281
-1186
-1078
-972
-854
-706
-589
-473
-315
-206
-146
-68
1
97
188
232
258
265
261
280
284
290
327
345
349
353
375
378
431
482
503
539
602
707
808
924
1059
1204
1305
1407
1528
1612
1674
1689
1692
1655
1547
1397
1251
1072
879
669
379
95
-154
-392
-602
-818
-1029
-1214
-1347
-1424
-1458
-1463
-1420
-1351
-1291
-1207
-1125
-1016
-937
-884
-757
-602
-465
-362
-284
-237
-217
-235
-270
-305
-358
-400
-449
-475
-495
-518
-545
-615
-685
-708
-694
-652
-605
-550
-472
-368
-252
-126
-35
77
270
455
654
856
1057
1300
1496
1654
1813
1936
2048
2159
2249
2295
2286
2209
2106
1963
1755
1561
1277
966
706
407
115
-183
-474
-747
-1005
-1266
-1438
-1534
-1600
-1630
-1665
-1632
-1545
-1459
-1366
-1251
-1162
-1069
-968
-887
-793
-711
-645
-591
-565
-550
-549
-544
-508
-480
-471
-459
-446
-462
-446
-460
-488
-477
-445
-386
-300
-175
-95
-42
13
152
302
428
595
748
935
1076
1192
1314
1415
1568
1701
1807
1835
1846
1893
1894
1872
1771
1635
1522
1356
1110
864
643
429
195
-141
-456
-662
-844
-1029
-1230
-1369
-1415
-1467
-1545
-1575
-1549
-1501
-1475
-1454
-1372
-1214
-1046
-933
-905
-874
-780
-682
-578
-513
-455
-375
-322
-281
-239
-203
-145
-110
-136
-157
-127
-82
-64
-95
-119
-112
-91
-128
-192
-197
-149
-89
-62
-2
99
238
354
425
519
686
885
1051
1169
1252
1406
1587
1662
1658
1633
1626
1606
1496
1327
1166
1009
795
528
260
65
-80
-262
-494
-692
-770
-795
-856
-918
-905
-813
-739
-716
-677
-571
-418
-303
-237
-202
-165
-107
-86
-65
-48
1
36
-5
-110
-244
-301
-332
-389
-522
-612
-655
-712
-792
-908
-964
-983
-996
-1014
-964
-866
-746
-665
-641
-529
-362
-131
92
285
518
792
1092
1329
1527
1727
1956
2147
2239
2261
2252
2235
2121
1926
1711
1491
1239
923
558
214
-81
-363
-668
-968
-1200
-1379
-1546
-1724
-1872
-1941
-1939
-1893
-1846
-1748
-1572
-1364
-1169
-1043
-917
-746
-585
-468
-383
-282
-151
-15
65
151
243
301
339
365
419
458
471
451
393
308
231
185
130
72
28
23
8
-41
-66
-76
-74
-101
-124
-96
-7
105
172
236
349
495
669
796
894
1037
1117
1132
1093
1050
1049
994
881
751
632
527
376
195
17
-139
-292
-441
-596
-680
-719
-788
-835
-869
-844
-805
-752
-686
-630
-560
-508
-479
-417
-346
-296
-256
-234
-213
-146
-85
-41
-28
-56
-50
-40
-30
-60
-105
-141
-191
-259
-338
-365
-330
-297
-284
-257
-222
-195
-170
-150
-103
3
152
257
326
435
560
709
839
946
1067
1203
1312
1373
1397
1372
1346
1290
1197
1102
993
855
683
513
337
134
-52
-238
-414
-530
-640
-723
-797
-881
-951
-1026
-1061
-1085
-1103
-1105
-1089
-1070
-1024
-942
-859
-755
-676
-640
-573
-501
-435
-338
-243
-175
-115
-56
-1
39
98
146
179
191
223
275
297
335
361
377
367
325
313
337
360
375
397
398
390
371
317
289
272
265
240
186
161
126
88
53
18
-16
-58
-102
-128
-149
-148
-135
-142
-126
-103
-56
31
96
107
73
26
3
-8
-1
27
41
42
8
-41
-87
-131
-165
-186
-210
-230
-267
-267
-241
-227
-205
-199
-179
-151
-156
-168
-174
-180
-190
-178
-103
4
82
60
79
82
94
179
266
397
463
516
560
607
646
656
687
697
716
718
710
685
583
450
301
198
137
58
-42
-135
-201
-290
-348
-376
-388
-413
-438
-448
-398
-353
-346
-299
-242
-167
-96
-58
-49
-69
-112
-200
-314
-402
-485
-536
-569
-646
-710
-784
-838
-865
-884
-875
-846
-820
-793
-735
-647
-520
-375
-199
-35
109
270
412
536
682
800
901
996
1062
1140
1226
1314
1360
1345
1322
1294
1240
1195
1126
1013
868
706
548
414
283
114
-61
-237
-367
-484
-599
-709
-825
-910
-947
-966
-966
-928
-897
-871
-856
-833
-783
-721
-663
-567
-458
-372
-301
-256
-197
-145
-91
-57
-47
-21
-18
-23
-34
-37
-55
-59
-67
-97
-106
-116
-103
-93
-63
-19
11
46
58
81
126
180
251
335
437
520
586
636
683
717
724
747
734
711
681
618
559
500
435
363
294
191
93
-32
-149
-209
-292
-338
-364
-381
-368
-355
-349
-310
-264
-201
-112
-32
28
80
162
231
292
334
357
368
370
382
380
343
273
173
76
-27
-101
-172
-275
-371
-470
-559
-630
-694
-769
-849
-927
-985
-998
-986
-943
-919
-888
-811
-713
-618
-516
-414
-316
-186
-33
122
291
457
579
686
783
857
908
939
977
1021
1050
1040
997
949
909
855
756
637
521
374
204
51
-96
-212
-318
-444
-544
-630
-673
-699
-721
-728
-737
-718
-689
-657
-601
-561
-501
-424
-355
-245
-127
-5
132
243
348
400
419
461
499
559
602
622
641
626
602
579
549
520
490
443
397
341
289
239
167
80
6
-64
-131
-191
-273
-345
-385
-407
-430
-440
-440
-442
-434
-434
-442
-448
-471
-498
-531
-555
-530
-540
-548
-551
-556
-534
-514
-510
-507
-491
-488
-475
-461
-422
-357
-281
-188
-96
-16
61
124
179
229
275
319
389
485
576
681
766
825
874
871
865
891
923
934
927
918
899
870
833
819
785
709
656
604
557
498
400
303
204
98
31
-28
-95
-136
-184
-241
-280
-331
-372
-400
-438
-483
-515
-540
-575
-598
-634
-670
-683
-677
-679
-673
-673
-654
-632
-645
-694
-740
-737
-717
-661
-631
-583
-528
-487
-455
-423
-374
-309
-225
-179
-105
25
159
276
360
437
495
527
561
597
618
631
645
624
619
628
606
575
539
505
454
386
337
277
202
154
124
101
65
21
8
3
-23
-74
-99
-104
-122
-143
-159
-154
-154
-165
-181
-174
-155
-146
-160
-168
-149
-144
-158
-166
-191
-228
-253
-285
-305
-305
-305
-314
-329
-341
-343
-327
-298
-286
-259
-212
-174
-113
-53
16
99
200
289
349
398
446
488
539
572
594
638
654
660
656
640
625
594
558
526
478
396
318
236
164
114
63
34
5
-36
-81
-119
-144
-161
-186
-238
-303
-346
-359
-357
-331
-284
-251
-225
-194
-165
-144
-153
-160
-170
-188
-192
-206
-246
-312
-385
-409
-428
-453
-459
-475
-499
-514
-511
-523
-544
-566
-571
-541
-510
-439
-354
-253
-144
-34
88
186
274
330
404
492
566
633
688
730
764
769
744
731
713
672
643
623
568
489
390
290
174
83
-2
-78
-110
-142
-141
-156
-184
-215
-259
-291
-270
-227
-213
-205
-212
-182
-117
-70
-14
27
31
22
-7
-15
9
31
21
-5
-15
-24
-60
-108
-160
-226
-277
-313
-345
-393
-446
-471
-472
-463
-421
-348
-266
-180
-111
-43
-11
16
61
91
143
186
247
313
384
475
548
560
494
379
275
245
239
225
247
233
185
116
-5
-114
-196
-321
-428
-499
-535
-524
-482
-439
-415
-394
-343
-272
-207
-138
-53
22
113
210
336
454
519
595
642
696
771
828
853
840
800
737
661
572
492
415
366
305
217
101
-24
-156
-312
-449
-559
-619
-679
-740
-752
-752
-757
-762
-765
-772
-791
-798
-767
-725
-676
-584
-457
-332
-194
-12
172
317
409
474
537
566
592
608
603
612
611
609
597
545
489
417
312
205
105
25
-45
-149
-274
-372
-454
-559
-632
-651
-623
-606
-595
-573
-564
-538
-530
-481
-432
-393
-322
-250
-163
-73
17
116
224
298
385
461
525
607
650
677
696
692
674
630
564
515
478
460
408
338
262
158
52
-42
-98
-145
-176
-217
-267
-295
-322
-342
-346
-347
-348
-328
-325
-299
-236
-190
-158
-129
-111
-84
-71
-91
-84
-94
-95
-68
-30
35
85
120
127
137
126
119
125
123
133
120
114
124
118
133
165
180
192
199
191
160
129
112
115
113
106
95
79
68
66
73
73
43
-11
-66
-118
-152
-191
-219
-236
-245
-270
-279
-263
-266
-264
-274
-250
-227
-215
-182
-145
-118
-86
-26
14
56
84
129
154
156
159
172
227
278
299
304
330
326
301
259
202
176
171
188
185
176
145
76
0
-74
-143
-197
-237
-281
-315
-383
-420
-449
-472
-448
-425
-393
-371
-364
-385
-405
-402
-368
-309
-241
-152
-65
31
99
138
163
182
203
229
242
243
238
238
252
264
288
298
313
304
297
294
278
234
152
122
96
88
58
8
-8
-28
-50
-77
-82
-62
-45
-11
22
36
56
50
32
-5
-36
-12
18
42
61
70
69
94
101
97
86
45
7
-29
-49
-54
-63
-55
-36
-24
1
10
0
-49
-98
-122
-149
-147
-137
-91
-53
-40
-51
-56
-50
-65
-74
-93
-82
-55
-29
-7
-1
11
22
-4
-12
-22
-20
-3
-2
-1
-17
-2
16
32
1
-7
-4
18
29
13
8
-2
43
85
106
90
69
63
72
60
65
80
96
118
85
87
80
53
23
19
44
53
33
-13
-21
-43
-81
-99
-92
-92
-87
-81
-93
-115
-145
-156
-151
-135
-114
-81
-79
-82
-84
-97
-63
-20
18
44
53
54
36
35
47
51
65
88
125
151
148
136
121
114
88
70
59
51
37
19
4
-8
27
19
-10
-16
-14
-29
-63
-91
-111
-93
-89
-101
-102
-83
-73
-101
-110
-82
-43
-37
-53
-73
-86
-97
-125
-142
-134
-107
-81
-61
-52
-41
-24
3
3
-26
-41
-56
-37
-23
-20
5
14
6
8
38
86
125
163
182
158
145
142
130
121
137
124
134
176
145
138
133
138
136
110
100
118
148
141
141
172
203
174
139
134
133
118
100
61
38
45
64
101
98
93
65
65
57
56
75
41
-6
-52
-54
-54
-66
-88
-66
-54
-76
-72
-92
-128
-183
-215
-220
-210
-232
-247
-231
-248
-280
-325
-350
-345
-332
-374
-398
-388
-347
-323
-316
-287
-272
-250
-234
-195
-193
-190
-174
-140
-107
-88
-37
6
32
20
37
75
101
137
153
184
209
235
256
267
288
302
325
327
305
300
290
248
235
240
247
283
305
307
309
313
302
274
247
212
194
166
128
101
96
99
108
115
137
145
127
103
51
-7
-73
-102
-112
-141
-182
-206
-219
-244
-256
-257
-251
-254
-236
-198
-186
-197
-216
-238
-268
-293
-299
-310
-310
-269
-227
-201
-180
-157
-112
-68
-60
-61
-50
-42
-23
-25
-15
33
71
106
98
122
172
206
206
175
155
139
139
129
158
196
239
273
272
286
262
219
161
119
128
134
117
98
91
96
60
9
-6
-28
-34
-59
-80
-87
-93
-94
-132
-161
-159
-148
-115
-98
-108
-85
-65
-81
-73
-75
-86
-100
-128
-113
-85
-83
-80
-106
-135
-126
-125
-109
-87
-63
-37
-35
-12
34
59
83
115
136
145
152
139
111
79
73
100
94
87
99
112
119
108
107
88
58
24
-16
-36
-33
-29
-25
-16
7
14
5
1
-9
-46
-98
-115
-117
-86
-66
-70
-49
-53
-72
-95
-105
-124
-128
-98
-53
6
16
22
20
25
5
-27
-24
-37
-66
-107
-120
-135
-121
-80
-57
-50
-63
-45
-18
-24
-38
-64
-113
-114
-81
-39
10
37
53
78
102
106
116
124
122
123
113
117
148
158
174
163
137
164
177
190
198
196
172
155
144
134
120
70
72
95
123
123
99
91
90
57
-4
-56
-94
-88
-95
-82
-43
-25
-35
-78
-120
-115
-69
-26
11
8
16
16
-21
-73
-122
-137
-129
-125
-132
-100
-87
-73
-58
-80
-88
-115
-143
-142
-136
-125
-113
-81
-65
-45
-27
-22
2
11
7
2
-14
-15
8
15
38
49
22
-5
-34
-52
-55
-54
-34
-13
14
43
28
20
24
39
59
59
48
42
48
30
-2
-31
-7
26
43
78
105
109
89
64
50
56
49
41
30
22
53
32
26
50
40
49
19
-1
-19
-70
-90
-96
-126
-133
-136
-136
-77
-63
-77
-80
-109
-88
-77
-88
-53
-42
-18
-1
-7
29
60
67
57
28
29
68
66
64
83
84
95
93
82
76
69
52
53
63
55
67
81
101
121
133
134
139
119
55
21
28
64
103
105
67
56
48
31
-13
-49
-23
-24
11
35
13
18
-19
-71
-94
-114
-120
-125
-123
-121
-134
-135
-105
-79
-80
-105
-106
-73
-91
-77
-68
-61
-14
-27
-9
-3
-21
10
40
42
42
19
-32
-47
-71
-48
-32
-52
2
20
17
65
70
75
54
-43
-49
-43
-55
-2
-4
34
103
94
108
75
48
53
-11
-39
-49
-80
-40
-18
-10
22
-22
-5
21
-8
-10
-40
-52
-22
-13
-5
-15
-49
-40
-58
-70
-35
-20
3
14
-21
-19
-5
-3
17
-21
-8
18
-1
32
37
48
86
63
36
37
19
41
42
17
45
38
64
81
67
67
28
5
-14
-39
-49
-41
-34
-31
-30
-14
17
2
-22
-30
-17
-10
-12
-7
-9
0
-14
2
18
33
60
35
36
50
50
34
15
-5
3
-19
-41
3
26
63
72
48
20
-6
-19
-1
-6
-49
-50
-76
-62
-22
-1
21
15
11
17
-3
-2
26
-1
2
-12
-33
25
48
87
97
53
94
104
50
36
3
-16
6
-28
-8
37
30
67
49
12
16
-24
-19
-30
-100
-98
-95
-96
-64
-65
-12
16
-9
-3
-22
-43
-18
-51
-64
-28
-27
39
30
-16
-7
-52
-56
-49
-82
-63
-68
-90
-84
-97
-103
-110
-152
-135
-126
-132
-95
-88
-58
-39
-41
20
41
29
55
41
22
45
59
104
115
92
131
118
100
113
107
126
127
129
154
159
155
126
52
25
25
17
16
-22
-26
-9
-21
12
-6
-29
-21
-56
-72
-88
-108
-99
-80
-90
-90
-100
-101
-80
-79
-57
-57
-52
-15
11
40
53
47
40
16
-20
-23
-19
-5
17
30
71
89
109
131
90
43
16
-6
35
45
64
114
100
111
105
98
107
66
6
-14
-14
-15
27
59
114
113
59
9
-54
-34
-25
-25
-15
-12
-12
-7
-10
5
3
-42
-55
-67
-61
-60
-74
-87
-78
-102
-108
-110
-126
-81
-83
-78
-56
-46
-37
-44
-45
-36
-43
-47
-36
-64
-31
-12
-7
-8
-54
-54
-70
-73
-47
-17
23
58
78
102
91
45
34
28
19
10
8
29
39
29
28
34
66
69
64
63
41
57
38
-5
-29
-53
-49
-14
19
49
86
50
24
34
-4
-23
-42
-56
-48
-43
-29
-11
-33
-17
6
-34
-34
-60
-93
-84
-75
-31
1
-18
-3
7
-16
-7
6
21
43
16
7
3
-27
-53
-55
-55
-43
-17
-11
25
39
67
79
43
32
17
22
25
18
36
78
97
113
126
119
96
50
39
50
73
78
81
81
74
84
78
95
95
77
54
32
28
31
33
-10
-57
-75
-71
-64
-66
-63
-86
-99
-84
-79
-65
-60
-77
-99
-110
-113
-112
-124
-126
-111
-109
-77
-45
-19
12
34
59
41
6
-1
-2
8
30
33
64
78
51
56
69
100
119
75
42
33
4
-22
-27
-19
-5
-19
-44
-29
-14
-19
-18
-35
-45
-38
-66
-67
-45
-44
-37
-62
-52
-34
-62
-52
-24
-2
19
5
-13
-17
-32
-23
-4
18
75
100
68
43
16
-17
-43
-43
-2
18
0
-14
-2
4
7
20
27
38
20
-6
-39
-71
-62
-36
-31
-13
7
27
40
15
27
34
25
45
48
60
76
53
22
-3
-37
-23
-8
-18
-10
10
22
-5
-1
20
31
25
24
30
23
29
16
30
56
83
85
65
47
6
-3
-17
-26
-6
16
32
46
50
52
58
36
23
11
-21
-34
-27
-20
-13
-14
-10
16
41
41
7
-5
-18
-37
-64
-101
-73
-46
-52
-73
-73
-39
-6
25
49
59
45
-4
-56
-79
-72
-38
0
27
29
20
29
0
-35
-65
-93
-92
-99
-96
-63
-46
-48
-28
0
18
-18
-64
-86
-63
-8
11
12
35
75
72
51
32
29
13
-5
6
23
32
30
19
22
48
44
37
32
15
26
-1
-6
45
70
80
74
86
99
85
34
7
-14
-6
12
10
24
2
-32
-54
-56
-36
-51
-43
-24
-12
-15
-35
-46
-44
-44
-55
-49
-73
-110
-130
-119
-115
-83
-47
-68
-65
-55
-25
11
15
15
32
38
29
30
12
-3
-1
29
61
79
74
88
94
99
125
111
83
60
31
30
50
47
70
67
54
67
47
37
35
7
-14
-32
-46
-30
-35
-46
-42
-22
-4
-15
-17
-27
-45
-48
-40
-19
-5
-3
22
29
18
12
-25
-25
-10
1
32
53
57
43
39
45
37
19
-7
-12
-14
-19
-10
5
28
46
29
-1
-3
-9
-3
7
6
-1
-41
-64
-59
-62
-35
-5
-7
-2
-15
-59
-60
-43
-17
-3
-43
-51
-65
-110
-107
-93
-75
-40
-51
-66
-73
-88
-79
-49
-1
33
38
35
11
4
-11
-17
-7
-23
-26
-21
-4
44
87
77
70
54
50
62
50
57
40
2
3
-5
-5
28
42
63
97
115
112
110
88
68
53
19
14
-20
-65
-75
-67
-36
-6
1
25
46
39
40
15
-9
-11
-22
-25
-23
-35
-56
-67
-51
-24
-11
-4
-4
4
8
-4
-29
-42
-40
-49
-42
-53
-72
-79
-97
-95
-69
-48
-18
13
-1
20
31
55
79
78
77
72
76
43
40
29
24
37
46
50
53
61
59
48
33
49
43
41
68
54
63
57
69
78
45
17
-13
-10
-4
2
0
6
-13
-35
-44
-36
-20
-26
-19
-45
-58
-51
-48
-36
-46
-64
-93
-111
-108
-98
-104
-89
-71
-47
-18
-14
20
34
21
-17
-48
-54
-55
-42
-27
0
27
23
7
-1
0
3
16
27
21
14
-15
-27
-18
-7
20
54
68
73
58
23
15
-10
-21
-17
11
43
54
58
34
25
-3
-21
-39
-45
-29
0
6
-11
-22
-67
-73
-69
-39
-2
14
2
-5
-2
-9
14
15
41
40
28
30
27
19
-18
-33
-36
-13
11
36
59
63
69
61
39
9
24
32
38
44
19
-8
-65
-87
-57
1
40
55
51
45
54
41
33
15
15
14
6
16
28
34
14
-19
-27
-2
16
43
59
34
19
-12
-30
-24
-24
-4
2
-2
-22
-39
-47
-63
-56
-39
-24
-23
2
4
-15
-32
-36
-21
-38
-31
-22
-21
-19
-20
-22
-29
-14
10
16
13
35
37
45
38
13
-7
-30
-25
-23
-11
-2
7
10
5
0
-10
-16
-10
-7
-16
-14
-25
-26
-48
-72
-71
-62
-32
-18
-9
1
26
35
32
38
25
17
9
6
21
28
11
3
-12
-5
20
18
36
55
48
32
-7
-44
-47
-61
-57
-40
-19
-4
5
17
7
-7
-36
-50
-49
-40
-12
17
34
53
56
53
56
48
49
37
19
20
24
27
35
43
54
49
22
12
-16
-28
-18
-20
6
12
10
17
21
10
-3
-26
-69
-70
-76
-61
-33
-41
-27
3
23
50
66
54
46
17
6
10
-15
-28
-15
-12
-24
-21
-25
-14
-4
13
40
45
44
47
34
-3
-12
-15
0
6
2
25
28
29
17
-3
-21
-35
-38
-23
-3
-3
11
18
19
36
47
50
40
24
4
0
-28
-39
-24
-14
23
23
18
1
-39
-56
-40
-41
-18
8
11
34
14
3
-14
-51
-70
-90
-101
-86
-54
-42
-19
3
6
11
2
-14
-18
-27
-22
-12
-30
-36
-40
-52
-47
-49
-47
-36
-27
-22
-16
-4
4
20
32
62
73
63
55
21
2
-5
4
15
32
63
85
94
79
53
42
38
19
16
18
17
10
9
6
-2
8
19
31
30
14
6
-7
-21
-31
-43
-47
-36
-11
7
17
27
16
20
19
10
-8
-23
-21
-16
2
28
45
30
34
27
18
18
-8
-45
-66
-66
-48
-20
-16
-17
-43
-50
-46
-32
-6
-2
13
22
37
37
27
24
16
15
32
36
37
39
29
21
11
12
29
39
40
42
37
39
35
14
-10
-23
-37
-61
-59
-39
-28
-27
-16
-14
-12
-20
-46
-64
-65
-53
-39
-29
-9
12
4
-18
-33
-34
-36
-19
0
5
17
4
-6
-12
-28
-33
-40
-40
-24
-11
12
38
42
39
34
18
12
19
7
-1
-19
-46
-41
-37
-23
-20
-18
-1
-5
23
26
45
65
55
35
7
2
-9
-4
0
18
19
24
34
39
43
28
16
-6
-12
-19
-24
-24
-17
-20
-21
-20
-3
29
46
71
63
36
19
4
4
5
15
9
11
11
9
3
-29
-26
-34
-38
-37
-41
-43
-51
-58
-64
-73
-76
-69
-43
-3
26
48
63
61
44
49
61
66
58
45
38
18
22
17
16
40
41
50
53
49
54
59
56
26
0
-14
-15
-15
-21
-31
-29
-34
-49
-62
-74
-73
-60
-51
-41
-33
-42
-41
-32
-40
-45
-51
-55
-50
-17
24
40
51
55
57
63
58
50
48
31
3
-12
-19
-2
24
39
40
38
17
-6
-1
-7
-26
-50
-71
-65
-44
-34
-27
-22
0
3
-1
7
-9
-5
-12
-10
3
-4
-24
-34
-35
-27
-22
-15
-22
-30
-8
10
9
-12
-12
-3
2
8
25
19
-1
-4
-18
-9
-4
5
28
36
34
21
19
19
24
26
35
29
17
21
5
6
11
11
17
5
0
11
7
2
-16
-17
-16
-29
-19
-20
-22
-32
-21
-3
-4
6
2
-12
-30
-31
-28
-30
-34
-22
7
17
40
42
53
53
46
62
56
50
45
51
38
32
33
43
70
61
48
55
58
44
22
-3
-12
-6
-22
-35
-43
-42
-37
-32
-31
-25
-30
-31
-6
5
8
-6
-18
-17
-23
-29
-30
-29
-12
-3
-2
-2
-13
-13
11
22
20
23
23
-9
-24
-32
-47
-34
-49
-58
-63
-68
-56
-48
-51
-51
-42
-32
-7
6
12
30
20
-1
-6
-5
-6
-11
-11
9
32
40
49
54
53
41
14
-14
-37
-54
-55
-56
-48
-28
-12
0
2
5
-5
-28
-38
-44
-28
-26
-24
-3
8
11
15
32
43
57
50
39
41
35
50
61
65
58
71
76
65
52
42
35
15
15
14
11
6
3
14
29
26
3
-2
-12
-23
-25
-24
4
14
6
-1
-12
-11
-33
-40
-44
-52
-46
-45
-39
-35
-19
-10
-20
-38
-34
-25
-15
-18
-48
-47
-58
-52
-27
-9
10
20
14
14
23
25
18
16
34
52
56
48
39
34
40
34
32
43
48
48
39
36
45
51
51
57
53
46
31
13
-12
-25
-2
8
15
12
14
9
-19
-41
-56
-58
-71
-69
-63
-59
-69
-92
-97
-96
-83
-91
-75
-54
-43
-35
-51
-55
-57
-40
-27
-14
-10
-2
18
30
56
67
64
47
34
27
33
40
40
22
12
28
23
21
12
10
17
11
17
14
16
7
10
16
17
34
39
43
38
35
36
24
3
-10
-9
-16
-7
-3
-10
-27
-36
-38
-51
-52
-61
-50
-37
-28
-22
-17
-9
-7
3
7
21
16
4
-8
-20
-18
-42
-49
-35
-20
-27
-24
-6
8
24
37
48
38
39
37
32
20
-7
-12
3
34
51
59
64
72
63
49
44
29
27
21
21
15
5
-1
1
1
1
12
