1.000000 0.007150 24.000000
2.000000 0.005925 20.000000
3.000000 0.007715 28.000000
4.000000 0.006303 15.000000
5.000000 0.006367 16.000000
6.000000 5.441416 24.000000
7.000000 11352.392640 8.000000
8.000000 87192.641583 8.000000
9.000000 88201.583791 5.000000
10.000000 180328.857669 5.000000
11.000000 140250.731345 6.000000
12.000000 93038.287070 7.000000
13.000000 92493.822275 12.000000
14.000000 191586.735443 7.000000
15.000000 104577.002569 8.000000
16.000000 59595.180449 8.000000
17.000000 86867.586014 5.000000
18.000000 76919.645296 6.000000
19.000000 61743.889659 6.000000
20.000000 63395.439661 6.000000
21.000000 52072.315246 10.000000
22.000000 72034.222960 6.000000
23.000000 37409.786058 6.000000
24.000000 34322.938361 7.000000
25.000000 33165.120211 8.000000
26.000000 19064.304165 7.000000
27.000000 21622.736390 5.000000
28.000000 34752.414608 5.000000
29.000000 19448.601444 3.000000
30.000000 23238.802375 5.000000
31.000000 14352.966217 6.000000
32.000000 11737.354992 5.000000
33.000000 9673.805391 6.000000
34.000000 8271.885695 6.000000
35.000000 13396.231615 6.000000
36.000000 3980.273260 7.000000
37.000000 12976.608528 5.000000
38.000000 8935.114010 3.000000
39.000000 3121.625152 11.000000
40.000000 1151.622386 12.000000
41.000000 1082.959006 8.000000
42.000000 1049.140971 11.000000
43.000000 405.149425 12.000000
44.000000 1616.946087 7.000000
45.000000 4486.209085 3.000000
46.000000 8660.912786 2.000000
47.000000 3853.689933 5.000000
48.000000 4458.596310 13.000000
49.000000 1691.019949 5.000000
50.000000 4267.740027 2.000000
51.000000 4110.179516 5.000000
52.000000 746.499580 11.000000
53.000000 637.625081 11.000000
54.000000 318.164386 10.000000
55.000000 121.190538 10.000000
56.000000 149.730107 9.000000
57.000000 135.635207 8.000000
58.000000 53.770739 14.000000
59.000000 113.602565 14.000000
60.000000 109.733557 12.000000
61.000000 112.076145 4.000000
62.000000 82.061822 12.000000
63.000000 359.507309 7.000000
64.000000 431.859877 10.000000
65.000000 398.845287 6.000000
66.000000 361.589637 7.000000
67.000000 464.739087 9.000000
68.000000 651.120936 16.000000
69.000000 301.902715 14.000000
70.000000 343.065026 18.000000
71.000000 475.904088 9.000000
72.000000 325.390094 16.000000
73.000000 185.835333 6.000000
74.000000 150.133604 16.000000
75.000000 98.021056 15.000000
76.000000 96.406003 25.000000
77.000000 199.646977 15.000000
78.000000 193.749930 13.000000
79.000000 87.057871 26.000000
80.000000 96.926208 9.000000
