1
-1
1
0
0
0
0
0
1
0
1
0
0
0
0
0
0
0
0
0
0
0
1
0
0
-1
0
0
0
0
0
0
0
0
0
0
-1
0
0
1
0
0
-1
0
0
0
0
0
0
0
0
-1
0
1
0
0
0
0
1
0
0
0
0
0
-1
0
0
-1
0
0
0
0
0
0
0
0
0
0
0
1
1
1
1
0
0
-1
1
0
0
0
0
0
0
0
0
0
0
0
0
1
0
0
1
0
1
0
0
1
0
0
0
0
1
0
0
-1
0
0
1
1
0
0
-1
0
-1
-1
0
0
0
1
1
0
-1
0
1
0
0
0
0
1
0
1
-1
0
1
0
0
0
-1
0
0
0
1
0
-1
0
-1
-1
0
0
1
0
0
0
1
1
0
0
1
1
-1
0
-1
0
0
0
1
0
0
0
0
-1
0
0
-1
0
0
-1
-1
1
0
0
0
0
-1
0
1
0
0
0
-1
1
0
1
0
1
-1
0
0
0
-1
0
0
0
0
0
0
0
0
0
0
0
0
0
0
0
0
0
1
0
0
0
0
1
0
0
0
0
0
0
0
0
0
0
0
0
0
0
0
0
0
0
0
0
1
0
0
0
0
-1
0
0
1
0
0
0
0
0
-1
0
0
0
0
0
0
-1
0
0
-1
0
0
0
-1
0
0
0
0
-1
0
0
0
0
0
0
0
0
0
0
0
0
0
0
0
-1
0
0
0
-1
0
-1
0
-1
0
0
0
0
1
0
0
0
0
-1
1
0
0
0
0
0
1
0
0
0
0
0
0
1
0
0
0
0
-1
0
-1
0
0
0
0
0
0
0
0
0
0
0
0
0
0
0
0
0
1
0
1
1
0
1
0
0
0
0
0
1
0
1
0
0
0
1
0
0
-1
0
0
1
0
-1
0
0
0
0
-1
-1
1
0
0
1
0
0
1
0
0
0
-1
1
0
0
0
0
0
0
-1
0
0
0
0
0
0
0
0
0
0
0
0
0
0
0
0
0
0
0
0
-1
0
-1
0
-1
0
0
0
0
0
-1
0
-1
1
0
0
0
0
0
-1
0
-1
0
-1
0
0
0
0
-1
0
-1
0
1
0
0
0
0
0
0
1
0
0
0
0
0
0
-1
0
0
0
0
0
0
0
0
1
0
1
1
0
0
0
0
0
0
0
0
0
0
1
0
1
0
0
0
0
0
0
0
1
0
0
0
1
0
1
1
0
0
0
0
-1
0
0
1
0
0
0
0
0
0
0
0
0
0
0
0
0
-1
0
0
0
0
0
0
0
0
0
-1
0
1
0
0
0
0
0
0
0
-1
1
0
0
0
1
0
1
0
0
0
0
0
0
0
-1
0
1
0
0
0
1
0
0
0
0
-1
1
1
0
0
1
0
0
0
0
0
0
0
0
-1
0
0
0
0
1
0
0
0
0
0
0
-1
-1
1
0
0
1
0
0
-1
0
-1
1
0
1
0
0
0
0
1
-1
0
0
0
0
0
0
0
0
0
0
0
0
0
0
-1
0
0
0
0
1
0
0
0
0
0
0
0
0
-1
0
0
0
-1
0
0
1
0
-1
0
0
0
0
1
1
1
0
0
-1
0
0
-1
0
0
0
0
-1
0
0
0
0
0
0
1
0
0
0
0
0
1
0
0
0
0
0
0
0
-1
1
-1
0
-1
0
0
0
0
-1
0
0
0
0
0
0
0
0
0
1
0
0
0
0
0
0
0
0
0
0
0
0
0
0
-1
0
0
0
1
0
0
0
0
-1
0
-1
0
1
0
0
1
0
0
0
0
0
0
0
0
0
0
1
-1
0
-1
0
0
-1
0
0
0
0
-1
0
0
0
0
0
1
0
0
0
0
0
0
0
-1
0
0
0
0
0
0
-1
0
0
0
0
0
0
-1
0
-1
0
0
0
0
1
0
0
0
0
0
0
0
0
0
0
0
0
1
0
0
0
0
1
0
-1
0
1
0
0
0
0
0
0
0
-1
-1
0
0
0
1
0
-1
0
0
-1
0
0
0
-1
0
0
1
0
0
0
0
0
0
1
0
0
0
0
1
0
0
0
1
1
0
0
0
0
0
0
1
0
1
0
0
0
1
0
0
0
-1
1
1
0
-1
0
0
0
0
0
0
0
0
0
0
0
1
0
1
0
0
0
0
0
-1
0
1
0
1
2
8
10
12
19
21
20
31
29
11
11
10
-23
-55
-59
-70
-101
-148
-202
-225
-201
-186
-214
-252
-245
-190
-116
-70
-77
-57
31
110
118
118
153
195
211
167
122
136
146
77
-5
-50
-158
-290
-309
-313
-482
-582
-129
317
-66
-486
-51
487
727
1058
958
477
889
1717
1569
1290
1504
1285
971
1234
1021
301
245
177
-685
-1165
-930
-957
-1250
-1628
-2200
-2422
-1930
-1556
-1713
-1799
-1610
-1201
-587
-263
-336
-97
560
925
932
921
1038
1208
1092
616
496
692
465
-140
-695
-1072
-1236
-1123
-958
-1169
-1879
-1837
-16
1279
-86
-1182
154
1429
1973
2703
2091
1219
2899
4536
3525
2895
3262
2461
1728
1824
705
-604
-303
-665
-2562
-3480
-3030
-2942
-3400
-4200
-4999
-4812
-3607
-2767
-2818
-2977
-2538
-1228
253
768
621
1027
1893
2445
2374
1982
1942
2193
2015
1375
1047
1088
1022
719
39
-889
-1249
-1026
-985
-1367
-2418
-2766
-383
1892
315
-1675
-173
1901
2834
3838
3174
1488
2899
5360
4585
3261
3381
2675
1876
2030
701
-1085
-762
-758
-2664
-3813
-3540
-3491
-3796
-4517
-5406
-5117
-3672
-2760
-2704
-2520
-2048
-1097
379
1391
1551
1755
2351
2575
2497
2609
2839
2787
2176
1174
459
212
149
-26
-669
-1569
-1911
-1738
-1535
-1641
-2361
-1890
899
2236
-30
-978
1137
2626
3347
4055
2800
1775
3822
5305
3695
2793
3031
2072
1438
1210
-642
-2123
-1555
-1927
-3752
-4477
-4151
-4051
-4388
-5308
-5855
-4931
-3389
-2720
-2516
-2057
-1246
199
1530
1796
1679
2252
3006
3194
2848
2520
2738
2795
2005
997
469
117
-193
-567
-1442
-2439
-2636
-2355
-2537
-3148
-4028
-3708
-610
1669
-201
-1685
514
2758
3743
4537
3353
1895
3785
5870
4833
3742
3806
3054
2437
2363
835
-723
-527
-1077
-3304
-4738
-4611
-4174
-4277
-5495
-6468
-5612
-3708
-2253
-1864
-1939
-1474
20
1301
1434
1549
2203
2762
3067
3108
2958
3466
4009
2954
1218
312
-107
-584
-1216
-2094
-2858
-3143
-3255
-3165
-3089
-3703
-3813
-1166
2129
1710
-358
569
2992
4474
5719
5630
3822
4332
7089
7168
5260
4784
4225
2691
1850
634
-1552
-2300
-2257
-3761
-5414
-5665
-5209
-5132
-5906
-7016
-7013
-5417
-3769
-3069
-2736
-1984
-776
610
1941
2672
2850
3310
4010
4036
3553
3528
3453
2375
999
17
-751
-1345
-1920
-2877
-3870
-4382
-4435
-4088
-3691
-3971
-4585
-3158
866
3018
1362
529
2513
4769
6701
7840
6444
5241
7080
8262
6488
5211
4737
3300
2274
1388
-937
-2546
-2501
-3524
-5554
-6555
-6476
-6131
-5985
-6525
-6897
-5909
-4027
-2628
-2280
-1975
-1020
182
1445
2534
2972
3213
3775
3840
3177
2939
3259
2853
1519
-70
-1346
-1855
-2232
-3016
-3779
-4174
-4408
-4182
-3289
-2776
-3215
-2870
127
3257
2900
1267
2203
4578
6624
8029
7149
5351
6060
7462
6343
4542
3612
2424
1395
465
-1539
-3185
-3326
-3841
-5457
-6748
-7252
-7111
-6702
-6864
-7096
-6130
-3954
-1937
-972
-622
151
1322
2132
2799
3656
4193
4371
4384
3857
3097
2875
2777
1522
-372
-1508
-1993
-2581
-3272
-3880
-4367
-4377
-3971
-3500
-2934
-2530
-2589
-1864
892
3849
4272
3149
3508
5647
7648
8389
7741
6611
6564
7014
6012
4035
2679
2026
1055
-720
-2873
-4296
-4596
-4823
-5593
-6561
-7239
-6708
-5362
-5109
-5480
-4568
-2670
-1174
21
763
1176
2192
3439
4139
4366
4494
4406
3838
2471
824
130
64
-884
-2552
-3491
-3723
-4077
-4322
-4434
-4817
-5017
-4713
-4254
-3748
-3022
-2638
-1878
1178
4460
4542
3582
4941
6796
7841
8889
8373
6510
6378
6737
4829
2910
2606
1879
199
-1638
-3739
-5278
-5305
-5213
-6315
-7660
-7891
-6738
-5320
-4804
-4531
-3578
-2048
-157
1404
2128
2928
4075
4655
4963
5434
5241
4504
3803
2480
1007
479
10
-1486
-3195
-4132
-4678
-5042
-5019
-4970
-5041
-4993
-4616
-3696
-2647
-1918
-1393
-398
2085
5410
6920
6141
5698
6692
8047
8981
8712
7125
5804
5165
3880
2060
612
-768
-2299
-3882
-5493
-6484
-6043
-5301
-5833
-7128
-7895
-7322
-5776
-4664
-4357
-3499
-1435
1002
2804
3684
4376
5475
6260
6146
5669
5151
4563
3894
2493
742
52
-76
-1274
-3158
-4370
-5080
-5354
-5056
-4969
-5321
-5147
-4229
-3311
-2929
-2634
-1870
-774
1094
3979
6052
5981
5508
6129
7064
7997
8611
7612
5724
4762
4078
2616
1347
316
-1260
-2918
-4136
-5104
-5742
-5774
-5642
-5884
-6160
-5741
-4680
-4011
-3958
-3294
-1598
117
1405
2451
3254
4011
4733
5078
4944
4643
4158
3234
1842
545
-187
-806
-1937
-3328
-4409
-4791
-4597
-4487
-4528
-4478
-4231
-3717
-3106
-2635
-2086
-960
360
1374
2611
4490
6299
6787
5948
5449
6451
7812
7816
6344
4227
2689
2183
1553
-11
-1696
-2790
-3692
-4753
-5893
-6647
-6490
-5901
-5600
-5517
-5241
-4615
-3582
-2621
-2205
-1470
204
1926
2764
3044
3459
4047
4668
5140
4918
3983
2999
2242
1314
66
-1043
-1867
-2688
-3571
-4379
-4906
-4934
-4559
-4119
-3589
-3054
-2583
-1983
-1092
-145
485
1223
3009
5567
6891
6277
5516
6035
7216
8014
7371
5425
3842
3155
2207
753
-430
-1127
-1769
-2970
-4605
-5750
-5754
-4978
-4352
-4432
-4685
-4128
-2929
-2111
-1902
-1410
-119
1463
2426
2714
3150
3916
4305
4080
3646
3053
2518
1887
501
-1280
-2321
-2573
-3155
-4385
-5584
-6131
-5950
-5592
-5375
-4943
-4191
-3358
-2264
-1139
-223
780
1836
3025
4811
6601
7070
6511
6102
6295
6820
6974
6101
4742
3569
2289
1041
126
-617
-1422
-2622
-4304
-5722
-6413
-6405
-5844
-5233
-5006
-4585
-3352
-2181
-1470
-434
983
2310
3376
3698
3449
3494
3779
3828
3481
2900
2364
1851
831
-565
-1523
-2055
-2783
-3885
-5045
-5709
-5593
-5062
-4568
-4279
-3827
-2859
-1782
-972
69
1210
1726
2040
3068
5000
6851
7203
6034
5069
5379
6185
6406
5311
3377
1825
843
-241
-1591
-2710
-3635
-4504
-5501
-6695
-7129
-6159
-4864
-4357
-4205
-3700
-2749
-1501
-218
749
1713
2983
4144
4558
4251
4121
4421
4386
3959
3514
2574
1286
367
-428
-1272
-1849
-2462
-3376
-4276
-4909
-5201
-4971
-4344
-3826
-3496
-3158
-2478
-1179
158
896
1434
2185
3624
5942
7606
7056
5323
4675
5317
6024
5949
4666
2788
1567
653
-709
-1961
-2641
-3176
-3969
-5307
-6703
-6948
-5882
-4587
-3999
-3839
-3468
-2459
-1110
31
1043
2258
3600
4547
4724
4461
4400
4649
4647
3976
2848
1716
712
-309
-1565
-2792
-3379
-3757
-4595
-5455
-5780
-5484
-4791
-4236
-4015
-3620
-2752
-1648
-537
385
1136
1818
2422
3573
5799
7399
6738
5283
4792
5097
5787
5954
4420
2494
1805
1034
-620
-1971
-2695
-3236
-3870
-4990
-6392
-6726
-5600
-4369
-3830
-3750
-3348
-2156
-818
99
1013
2320
3561
4259
4261
3699
3335
3431
3395
2814
1813
646
-352
-1308
-2439
-3225
-3566
-4001
-4593
-5016
-5208
-5035
-4371
-3594
-3102
-2677
-2000
-1152
-119
915
1579
2033
3053
5056
7307
8172
6996
5536
5449
6130
6466
5757
4008
2400
1497
274
-1393
-2436
-2945
-3435
-4135
-5404
-6535
-6268
-4957
-3874
-3346
-3096
-2686
-1645
-418
578
1877
3273
4201
4734
4674
4028
3738
4064
3989
3122
1863
482
-713
-1574
-2503
-3385
-3766
-4001
-4541
-4860
-4781
-4679
-4154
-3491
-3412
-3415
-2598
-1283
-118
720
1294
1815
2685
4482
6509
7092
6110
5125
4793
4704
4610
4108
2915
1533
410
-760
-2090
-2917
-3178
-3636
-4567
-5756
-6512
-5996
-4510
-3057
-2085
-1557
-1124
-348
746
1827
3008
4202
4829
4898
4702
4120
3473
3404
3214
2170
761
-511
-1567
-2316
-2848
-3400
-3784
-4017
-4439
-4825
-4718
-4328
-3805
-3038
-2349
-1880
-1134
-171
511
1113
1708
2131
2831
4662
7200
8049
6317
4519
3981
3894
4128
3815
2058
448
-144
-1231
-2691
-3284
-3382
-3711
-4372
-5619
-6658
-6161
-4553
-2994
-1964
-1457
-1070
-432
227
805
1785
3105
3971
4171
3900
3339
2958
2875
2600
1705
268
-1000
-1810
-2468
-3167
-3671
-3934
-4211
-4389
-4377
-4374
-4144
-3351
-2429
-1840
-1570
-1274
-465
840
1818
2381
2921
3627
5365
8072
9138
7488
5722
5169
4932
4771
4250
2751
1259
587
-503
-2329
-3356
-3453
-3509
-4115
-5362
-6321
-5948
-4535
-3017
-2001
-1596
-1346
-752
136
1142
2579
4280
5168
4920
4266
3540
2992
2865
2725
1845
299
-977
-1816
-2586
-3212
-3515
-3641
-4002
-4543
-4874
-4793
-4278
-3322
-2436
-2190
-2017
-1224
-52
1106
2166
2809
2909
3208
4806
7264
7959
6047
4235
3902
3961
4029
3630
1956
207
-738
-2156
-4028
-4989
-4915
-4578
-4857
-6079
-7107
-6775
-5319
-3516
-2155
-1715
-1586
-862
83
935
2354
4094
4956
4737
4012
3376
3273
3384
3109
2174
846
-332
-1220
-2117
-2735
-2754
-2700
-2858
-3267
-3577
-3470
-3155
-2600
-1922
-1467
-1134
-368
797
1672
2336
2984
3115
2821
3681
5993
7190
6099
4506
3800
3626
3549
3035
1421
-511
-1539
-2383
-3822
-4774
-4621
-4108
-4038
-4853
-5858
-5745
-4495
-2908
-1368
-377
-48
450
1288
2093
3059
4417
5353
5061
3855
2637
1892
1903
2252
1792
498
-832
-1852
-2759
-3454
-3593
-3537
-3618
-3872
-3955
-3714
-3311
-2803
-1991
-1113
-666
-177
752
1588
2319
3189
3630
3495
3742
5438
7142
6665
4779
3565
3017
2694
2620
1741
-32
-924
-1284
-2681
-3891
-3790
-3281
-3062
-3429
-4548
-5339
-4521
-2675
-1052
-112
273
496
782
1158
1777
2727
3658
3831
2964
1648
708
649
1013
965
106
-1238
-2558
-3404
-3992
-4373
-4041
-3534
-3452
-3659
-3784
-3640
-3059
-1942
-694
89
491
948
1565
2354
3242
3797
3590
3056
3587
5487
6250
4860
3432
2897
2520
2463
2349
1106
-75
-307
-1053
-2871
-4014
-3794
-3188
-2882
-3448
-4332
-4191
-2698
-746
462
668
613
671
706
935
1565
2605
3566
3615
2382
881
162
175
405
87
-998
-2235
-3135
-3793
-4392
-4183
-3323
-2847
-2822
-3053
-3144
-2819
-1960
-888
-123
202
424
1023
1819
2413
2868
3233
2878
2489
4026
6207
5907
4342
3766
3082
2471
2742
2167
590
214
142
-1453
-2857
-2801
-2458
-2136
-2169
-3190
-3907
-3129
-1562
-154
611
607
653
835
715
973
2051
3216
3778
3335
1879
466
-74
-40
74
-132
-928
-2088
-3173
-3875
-4022
-3447
-2759
-2633
-2835
-3098
-3323
-3156
-2218
-1012
-331
-135
44
366
1040
1824
2334
2598
2392
2222
3860
5821
4949
3098
2553
2076
1398
1778
1668
589
616
671
-871
-2138
-1887
-1635
-1718
-2039
-3161
-3826
-3087
-1740
-555
-49
-127
-43
432
677
985
1900
2487
2172
1430
433
-646
-1025
-544
-275
-915
-1744
-2259
-2989
-3574
-3460
-2921
-2411
-2052
-2095
-2449
-2749
-2479
-1456
-479
-63
-4
186
839
1605
2036
2374
2702
2546
2543
4090
6039
5701
4150
3568
2932
2126
2384
2253
1226
1103
799
-811
-1887
-1717
-1703
-1682
-1574
-2220
-2822
-2384
-1435
-479
262
343
509
964
917
906
1610
2292
2344
1775
557
-758
-1339
-1240
-1033
-889
-1147
-1883
-2730
-3613
-3912
-3287
-2500
-2193
-2429
-2926
-3028
-2531
-1831
-1118
-297
342
498
806
1415
1835
2170
2730
2625
1602
1894
4332
5656
4464
3554
3120
2302
2450
2849
1700
965
1322
384
-1368
-1940
-1922
-1832
-1306
-1565
-2622
-2986
-2360
-1483
-741
-497
-389
34
172
-26
75
733
1396
1316
377
-697
-1362
-1400
-1158
-983
-890
-1100
-1640
-2355
-3051
-3098
-2436
-1835
-1841
-2308
-2459
-1969
-1550
-1081
-197
328
513
757
845
874
981
1427
2012
1598
1008
2627
5365
5575
3897
2873
1934
1279
2158
2529
1796
2170
2345
512
-1065
-1182
-1147
-615
22
-895
-2346
-2635
-2112
-1361
-533
133
613
779
307
107
776
1446
1651
1204
136
-972
-1532
-1348
-683
-15
2
-697
-1750
-2787
-3164
-2708
-2034
-1831
-1916
-2049
-2208
-2236
-2045
-1233
-208
156
9
-69
42
206
512
856
764
97
779
3511
4606
3116
2226
2034
1410
1722
2340
1474
1215
1960
1011
-748
-1251
-1149
-696
67
-335
-1598
-1956
-1070
-27
618
1089
1338
1285
856
303
219
701
1336
1361
624
-201
-852
-1000
-507
-183
-453
-820
-1443
-2356
-2823
-2820
-2338
-1427
-1108
-1860
-2761
-2958
-2294
-1267
-298
241
636
1091
1049
626
327
536
1073
894
93
1105
3843
4708
3435
2496
1554
1158
2525
2949
1724
1650
1973
521
-959
-1026
-876
-532
-38
-874
-2585
-3062
-2130
-948
-284
-74
42
91
-231
-678
-543
-47
258
162
-693
-1784
-2176
-1812
-783
-3
-288
-1128
-2019
-2554
-2422
-1915
-1312
-607
-522
-1165
-1586
-1359
-658
185
767
915
833
738
689
689
915
1274
1334
471
47
2172
4504
3997
2694
2513
2029
2007
3234
3164
2318
2771
2338
-292
-1929
-1759
-1562
-1360
-1476
-2489
-3274
-2486
-1005
-288
-262
-245
-139
-123
-525
-828
-469
155
502
274
-394
-986
-871
-270
135
213
-2
-677
-1439
-1821
-1813
-1358
-738
-639
-1290
-2003
-2051
-1574
-1047
-347
43
113
449
551
215
122
656
1323
1462
847
1524
4517
6031
4541
3391
2935
2302
2967
3839
2797
2025
2350
1133
-1235
-1988
-1685
-1603
-1062
-1245
-3014
-4194
-3509
-2372
-1874
-1616
-1205
-1078
-1261
-1352
-977
-244
576
1183
735
-442
-920
-607
-355
-250
148
119
-805
-1514
-1829
-1975
-1585
-1005
-1055
-1581
-1982
-2328
-2280
-1731
-1219
-822
-288
64
-217
-376
250
1103
1951
2221
1840
3005
5864
6657
5001
3949
3352
2741
3257
3355
2047
1554
1434
-165
-1934
-2368
-2361
-2206
-1778
-2218
-3644
-4292
-3514
-2548
-2038
-1681
-1284
-1062
-978
-668
-225
448
1277
1582
1301
815
553
788
1143
1350
1406
871
-102
-880
-1243
-1392
-1262
-1184
-1659
-2175
-2422
-2607
-2349
-1546
-947
-546
123
480
342
404
821
1540
2356
2398
1965
3097
5536
6132
4625
3520
2983
2482
2685
2628
1411
824
886
-260
-1931
-2519
-2530
-2315
-1766
-2173
-3404
-3588
-2492
-1452
-1030
-988
-961
-820
-856
-896
-438
401
1171
1525
1153
327
47
339
471
504
158
-640
-1320
-1824
-2336
-2501
-2253
-2128
-2279
-2592
-2777
-2715
-2271
-1578
-987
-614
-5
544
446
166
474
1213
1872
2279
2093
2720
5314
6852
5397
4047
3547
2672
2664
2898
1669
970
1301
243
-1440
-2020
-2043
-1685
-943
-1403
-2806
-3101
-2248
-1448
-1076
-930
-836
-843
-991
-1060
-797
-316
20
-1
-487
-994
-978
-695
-335
-140
-300
-654
-857
-1221
-1765
-1890
-1844
-1980
-2068
-2175
-2435
-2238
-1510
-815
-232
484
1249
1740
1558
1242
1609
2158
2536
2621
2233
2672
4963
6118
4367
2709
2012
1326
1622
2288
1489
764
1023
309
-1343
-1869
-1533
-1146
-680
-941
-2039
-2518
-1779
-1100
-952
-894
-794
-763
-691
-638
-475
-263
12
159
-259
-729
-765
-665
-510
-145
-70
-358
-398
-727
-1571
-1802
-1402
-1019
-630
-558
-1136
-1637
-1817
-1661
-1080
-283
524
1186
1145
616
608
1022
1497
1853
1599
1334
3056
4851
3703
2224
2018
1174
787
1567
924
178
1273
1655
260
-538
-378
-344
-56
188
-574
-1701
-1699
-1332
-1552
-1637
-935
-274
-362
-550
-712
-917
-624
-160
-452
-1146
-1444
-1184
-938
-558
-90
-196
-500
-700
-1212
-1777
-1632
-1048
-703
-933
-1514
-2158
-2553
-2126
-1355
-775
-328
-78
-136
-203
-152
119
565
869
937
459
1204
3401
3998
2947
2701
2326
1564
2206
2810
2037
2210
3263
2350
1025
1111
1137
859
1109
716
-725
-1527
-1433
-1592
-1882
-1621
-1380
-1479
-1356
-1269
-1597
-1720
-1360
-1314
-1803
-1951
-1695
-1455
-915
-48
390
430
727
690
-54
-493
-173
-61
-286
-448
-903
-1357
-1308
-1157
-1316
-992
-384
-265
-405
-701
-784
-384
233
584
611
733
2053
3852
3920
3008
2813
2885
3238
3828
3666
3455
3847
3870
2681
1171
656
778
553
334
-164
-1195
-1896
-2212
-2575
-3140
-3254
-2938
-2796
-3030
-3327
-3288
-2990
-2363
-1606
-1125
-910
-771
-415
177
466
608
1135
1349
928
688
615
432
253
-169
-958
-1825
-2351
-2447
-2335
-1929
-1292
-991
-883
-818
-803
-691
-704
-591
-87
184
349
2298
4581
4147
2975
3050
2678
2544
3800
3907
3035
3437
3394
1432
-102
-42
203
179
131
-711
-2230
-2737
-2256
-2285
-2557
-2128
-1732
-2013
-2430
-2533
-2506
-2017
-985
-693
-1145
-1039
-281
504
1384
2033
2168
2005
1355
495
-232
-367
253
468
-213
-991
-1553
-2139
-2461
-2146
-1950
-1934
-1428
-1127
-1399
-1485
-1285
-1067
-472
144
-98
422
2742
3889
3491
3861
3741
3192
4174
4836
3832
3663
4096
2946
1280
571
2
-604
-457
-495
-1593
-2696
-2804
-2924
-3163
-2896
-2937
-3454
-3309
-2702
-2551
-2150
-967
-100
137
632
1200
1505
2167
2994
2867
2323
2094
1760
1396
1066
692
147
-412
-778
-1224
-1883
-2335
-2316
-2240
-2270
-2108
-1892
-1874
-1741
-1412
-1146
-777
125
702
449
1299
3167
3742
3538
3927
3635
3004
3479
3560
2519
2155
2389
1484
114
-403
-678
-1115
-1079
-1222
-2391
-3348
-3148
-2982
-3244
-3219
-2754
-2402
-2389
-2211
-2071
-1797
-865
309
815
996
1518
1927
2087
2095
1682
1128
940
776
130
-567
-718
-1001
-1508
-1609
-1784
-2249
-2159
-1555
-1407
-1287
-857
-702
-910
-768
-548
-759
-258
749
749
649
2111
3239
3055
3285
3169
2115
2105
2738
2305
2125
2847
2790
1761
1090
621
-184
-650
-580
-1058
-2133
-2546
-2398
-2422
-2382
-1845
-1486
-1551
-1474
-1500
-1642
-1249
-413
44
230
599
879
1007
1244
1393
1144
940
922
423
-495
-788
-821
-1283
-1518
-1411
-1819
-2273
-1946
-1643
-1522
-1153
-650
-466
-489
-280
-152
-44
587
1183
1181
1622
2727
3134
3161
3521
3228
2679
2930
2750
1793
1739
2093
1469
767
578
133
-314
-69
-37
-632
-955
-1080
-1433
-1790
-1965
-2081
-1966
-1694
-1672
-1826
-1607
-921
-460
-412
-276
-67
191
583
885
965
759
575
437
-34
-440
-277
-259
-432
-197
-389
-1133
-1450
-1406
-1442
-1235
-760
-574
-820
-1079
-1141
-1286
-1342
-1042
-887
-773
273
1363
1751
2314
2653
2358
2402
2599
2209
1755
1789
1640
933
587
571
343
309
540
412
-35
-404
-811
-1303
-1577
-1450
-1307
-1304
-1172
-1139
-1284
-1070
-664
-564
-376
-76
-217
-538
-290
223
247
219
336
-65
-654
-691
-611
-776
-612
-354
-621
-1046
-1235
-1226
-1270
-1121
-645
-605
-980
-1042
-1036
-1015
-481
19
203
1009
2028
2193
2385
2814
2545
2174
2192
1889
1409
1525
1756
1439
1346
1542
1173
923
1158
820
82
-225
-482
-952
-947
-873
-1203
-1151
-866
-944
-1220
-1277
-1138
-1050
-829
-534
-558
-642
-338
-7
145
367
357
-44
-222
-62
-168
-298
-46
54
-257
-617
-942
-1146
-1119
-1009
-909
-911
-952
-939
-805
-456
90
544
799
1429
2095
2208
2360
2540
2492
2504
2619
2543
2476
2676
2547
1950
1599
1582
1343
1079
997
487
-212
-501
-876
-1374
-1479
-1450
-1572
-1651
-1666
-1821
-2096
-2050
-1902
-2186
-2365
-2100
-1869
-1759
-1576
-1503
-1503
-1431
-1479
-1777
-1936
-1697
-1291
-931
-784
-863
-1060
-1283
-1488
-1621
-1475
-1238
-1106
-760
-329
-350
-405
-76
89
196
817
1670
2203
2495
2750
2759
2688
2908
3016
2876
2922
3085
3135
2963
2632
2441
2220
2003
2058
1878
1242
694
87
-634
-877
-903
-1226
-1516
-1488
-1665
-1876
-1600
-1308
-1563
-1744
-1505
-1484
-1443
-1102
-889
-802
-433
-227
-391
-445
-404
-328
-215
-179
-202
-334
-600
-842
-1255
-1662
-1579
-1412
-1292
-916
-625
-583
-396
-91
-68
-76
214
838
1248
1247
1418
1394
1268
1480
1715
1838
1994
2244
2231
2039
2041
1916
1720
1549
1325
1114
807
591
287
36
175
139
-180
-344
-500
-856
-912
-565
-541
-751
-851
-1173
-1462
-1252
-889
-753
-673
-428
-313
-373
-383
-433
-671
-878
-840
-943
-1272
-1391
-1351
-1251
-874
-365
-107
-19
184
92
-444
-857
-1008
-1062
-925
-678
-340
-51
127
427
639
827
1307
1763
1667
1358
1403
1344
1155
1219
1380
1483
1493
1592
1352
795
446
197
30
-2
-228
-541
-629
-762
-1071
-1334
-1332
-1323
-1402
-1413
-1499
-1570
-1478
-1226
-999
-659
-314
-222
-303
-435
-534
-660
-503
-347
-566
-683
-502
-539
-695
-458
-123
26
274
502
311
109
231
191
-30
119
198
321
640
1112
1460
1377
1375
1293
1235
1192
1091
1202
1366
1519
1635
1672
1673
1624
1564
1268
1184
1004
678
663
513
-89
-566
-760
-1042
-1259
-1210
-1193
-1307
-1247
-1145
-1262
-1246
-926
-717
-735
-618
-619
-945
-1052
-1295
-1574
-1597
-1302
-938
-974
-912
-911
-851
-541
-306
-14
37
246
182
-85
-32
-198
-123
132
258
561
1082
1498
1836
1919
2225
2642
2728
2941
2572
2279
2281
1960
1788
1648
1636
1712
1648
1640
1462
1366
1158
909
673
119
-434
-939
-1313
-1836
-2134
-2147
-2197
-2304
-2253
-2165
-2330
-2326
-2319
-2298
-2161
-2024
-2103
-2251
-2295
-2330
-2027
-1656
-1321
-920
-831
-806
-747
-919
-1130
-969
-746
-710
-527
-503
-557
-522
-664
-570
-302
-275
337
747
511
1163
1209
984
1790
1449
1285
1497
1325
1542
1488
1860
2169
2210
2566
2513
2231
1989
1918
1997
1732
1699
1627
1332
1190
946
585
205
301
224
-322
-586
-1031
-1471
-1522
-1493
-1414
-1370
-1246
-1209
-1220
-1360
-1345
-1037
-899
-604
-378
-420
-457
-589
-704
-977
-1085
-1006
-1118
-789
-777
-868
-341
-415
-248
133
88
642
661
575
788
425
920
1065
840
1333
1097
1094
1553
1412
1329
1234
989
959
889
773
864
740
624
950
811
631
556
245
42
-386
-338
-264
-553
-590
-915
-1204
-1287
-1123
-1135
-1169
-773
-763
-748
-745
-856
-827
-807
-567
-406
-447
-331
-271
-357
-478
-607
-526
-523
-527
-378
-533
-577
-310
-213
-135
137
317
455
497
710
811
694
1219
1478
1175
1498
1419
1238
1193
823
830
689
561
790
471
405
228
-79
-267
-540
-763
-1093
-1422
-1421
-1652
-1860
-1636
-1812
-1818
-1793
-2000
-1952
-1711
-1587
-1332
-1241
-930
-692
-500
-74
23
246
564
504
715
692
605
642
610
544
408
702
816
469
490
310
-321
-120
95
323
376
439
760
618
743
820
970
1159
1260
1302
1100
1031
1173
1514
1409
1569
1937
1770
2107
2179
1743
1536
1423
1097
1120
910
551
208
-326
-687
-1066
-1154
-1512
-1593
-1850
-2210
-1960
-1995
-2001
-1883
-1937
-1860
-1741
-1359
-1195
-729
-418
-189
287
61
111
169
85
44
-104
-219
-287
-15
-354
-686
-490
-987
-498
-388
-200
689
328
1121
751
509
1057
78
889
867
602
1298
788
1156
1131
801
1105
902
840
1084
1014
650
1098
918
379
457
-211
-625
-438
-787
-996
-809
-886
-968
-597
-1063
-1455
-1280
-1496
-1246
-1048
-1130
-1037
-738
-559
-378
-360
-271
-156
-144
-118
-3
-587
-130
-552
-992
-553
-1086
-858
-936
-779
-848
-1165
-150
-663
-79
353
-29
584
438
1128
896
1098
1308
1000
1302
718
1082
919
730
1617
1088
1382
1585
1315
1417
1131
825
752
788
643
609
200
-90
-13
-486
-546
-291
-453
-162
-463
-271
-441
-816
-232
-673
-634
-660
-548
-142
-582
82
-309
-551
244
-369
-691
-742
-653
-1369
-1177
-494
-1393
-1025
-614
-913
-929
-834
-133
-395
-172
922
181
363
1088
524
1235
1161
1110
1400
888
936
886
781
836
1200
1183
1005
1455
988
769
724
828
763
825
984
763
564
366
301
132
58
259
-209
-39
-102
-814
-62
-514
-594
218
-1037
-256
-444
-870
-375
-839
-607
-1008
-903
-879
-1405
-1202
-1616
-1537
-1679
-1472
-1649
-1391
-1241
-1579
-1122
-1108
-998
-703
-413
-245
-255
302
-114
541
654
298
1112
526
948
898
803
1172
656
1310
899
998
893
556
957
-192
685
213
-369
188
45
267
-310
787
261
-806
884
-961
-673
-10
-1151
-376
-699
-589
-628
-475
142
-693
459
-9
-329
674
-331
49
-272
180
65
-377
616
-340
282
185
111
260
-134
827
-273
649
181
-215
1073
-385
874
462
178
1243
251
1088
320
446
933
-193
988
400
354
777
681
742
478
927
-28
398
139
-626
487
-909
-266
50
-1145
166
-589
-519
-474
-577
-618
-759
-16
-1149
-223
-375
-1105
40
-846
-425
-207
-373
-62
-502
223
-609
-221
624
-460
489
749
116
768
165
102
205
-269
190
-300
-46
-283
-132
-62
60
-27
-149
-83
-132
-545
-260
-465
-590
311
-221
46
949
226
874
828
362
482
213
412
-107
446
-25
35
511
-457
59
-85
-296
-352
-479
-490
-1300
-180
-1076
-685
153
-444
508
-132
837
-149
191
676
-994
715
-476
-384
209
-516
164
-242
343
-60
58
161
-674
339
-824
-144
-212
-908
336
-778
-12
-363
-561
488
-867
574
-75
-185
406
48
967
41
1327
669
542
1376
163
940
353
875
1056
444
1241
761
230
619
179
-206
-345
-273
-648
-88
-919
-338
-61
-925
481
-300
-534
317
-782
26
-518
-488
-158
-811
484
-754
-172
194
-554
368
-496
84
-488
-758
137
-1147
-531
-378
-507
-587
590
-210
-316
706
-161
582
646
648
928
624
1421
363
1177
966
566
1475
362
1256
649
263
618
127
-127
-256
-349
-683
-1267
-167
-1303
-1163
-236
-1740
-613
-896
-829
-321
-667
29
-285
92
478
-393
998
-25
363
982
-25
967
1056
347
1200
651
435
563
120
267
-164
152
-394
-332
-513
-445
-339
-913
-255
-391
-1108
-228
-890
-659
-463
-609
-459
-521
-79
-722
148
-739
277
387
-390
1332
339
422
781
-137
526
-188
-42
175
-322
362
-404
-151
-164
-502
66
-278
-112
309
-616
362
-736
-143
-70
-767
-130
-270
-431
432
496
-339
1625
-88
589
1210
-380
822
407
-398
601
-284
-15
151
-158
392
433
-83
604
380
-68
448
93
13
-773
580
-1362
-338
679
-1496
1099
106
-271
1333
-299
943
561
294
701
-23
463
-500
189
-357
-401
-226
-294
-43
-370
106
19
142
162
51
209
-186
230
-290
-39
157
-1137
587
-551
-539
606
-441
533
415
236
380
296
49
43
-86
-707
-30
-787
-705
-159
-611
-419
30
-364
-407
554
-700
327
57
-814
578
-884
-72
34
-600
714
-149
647
317
484
960
3
1271
51
284
572
-271
407
-735
291
-589
-776
67
-882
-330
193
-259
-86
-45
290
-198
-239
320
-585
223
-296
413
283
-151
1102
-115
1084
489
582
815
-224
521
-802
-632
-549
-1053
-751
-903
-523
-893
-353
-500
-642
-344
-704
-155
-740
-478
-376
-711
-61
-393
-11
274
311
804
1050
579
1781
622
1181
1718
-25
1108
615
125
527
-195
243
-231
95
23
-309
470
-239
167
209
-203
-252
-365
-980
-531
-937
-906
-193
-543
-110
453
-197
473
775
-187
1231
441
377
852
11
218
183
-238
186
-89
448
227
260
626
-114
-28
126
-643
-203
-479
-590
-252
-746
-343
-496
-352
-375
-87
-511
146
-118
-198
693
-21
753
364
517
653
163
558
-267
89
-174
-460
-150
-447
-276
-260
-294
-220
-98
-33
-264
76
-106
-331
-57
-364
-335
218
-65
168
445
150
410
438
322
542
521
202
293
97
22
-208
-29
-288
-134
-206
-412
-59
-533
-12
-419
-562
-37
-909
-183
-267
-800
226
-494
150
-273
323
-57
66
487
-268
169
72
-82
121
206
35
184
357
207
202
516
266
228
356
-29
-32
246
-282
359
-245
41
168
-606
425
-468
-1
39
-270
-84
-203
19
-265
437
-85
242
171
-136
460
87
83
146
193
22
281
99
40
372
-69
478
-74
-84
184
-514
76
-422
-229
-122
-416
252
-635
-305
318
-946
580
-179
-497
550
-853
233
-385
-353
357
-625
708
20
423
760
536
1032
212
1132
189
194
630
-366
417
-258
170
-34
140
370
-76
270
-292
2
-219
-574
110
-753
-80
-577
-281
-89
-323
374
-199
17
-348
-142
-702
-441
-339
-864
-261
-266
-469
216
-13
426
422
373
-18
613
-156
43
474
-335
282
121
-295
196
-648
-178
-315
-383
-50
-363
-83
183
-104
117
132
-47
275
-164
222
-162
0
-32
-48
159
-483
516
-221
-45
582
-310
312
206
343
69
516
360
-305
888
-332
233
561
-398
663
-34
92
305
57
59
-193
104
-425
-55
-78
-658
330
-406
263
190
-94
292
-220
126
-28
-258
161
-151
128
210
-298
-161
-396
-509
-381
-417
-418
-219
-208
-10
28
-285
240
-1
-46
341
3
557
64
529
262
-120
588
-238
327
135
-28
217
-111
232
127
115
274
227
252
90
140
-120
-20
-104
-336
-250
-576
-271
-278
-416
-100
-409
-498
-187
-627
-228
-377
-185
-141
-208
210
168
-57
787
386
419
902
354
825
438
560
601
-197
694
-164
-23
458
-455
554
-230
-200
150
-778
-86
-254
-586
-255
-565
-82
-425
-52
172
-468
394
-76
-125
574
-261
374
128
-74
420
-88
278
95
77
59
-12
95
-63
102
-146
-163
-51
-506
-187
-333
-217
95
-244
223
131
6
58
-65
82
-393
311
-357
-298
153
-531
-158
-413
-74
-338
-301
15
-257
-19
-122
-96
-269
-94
120
-171
310
-124
338
31
117
388
-101
217
70
-106
198
-124
207
102
44
425
-36
468
131
479
437
216
720
-155
44
190
-815
230
-347
-516
286
-381
24
295
87
352
253
169
389
-63
444
-49
384
301
11
409
16
312
191
206
-72
214
103
-227
64
-36
-777
296
-867
-417
-185
-1002
4
-357
-615
309
-572
-120
-39
-413
-178
-483
-182
-703
97
-362
-92
-60
138
-68
252
455
135
390
564
-118
571
111
96
584
-186
621
47
175
365
53
487
203
292
444
-460
762
-550
81
157
-565
263
-444
-90
-67
-220
52
-19
103
-3
-11
-62
-429
74
-554
92
-88
45
199
92
41
27
-123
-324
-129
-205
-423
348
-364
41
214
-494
183
-483
-243
-243
-134
-192
79
230
-151
341
15
-212
203
-374
-153
-145
-316
86
-360
82
-47
6
22
-8
11
-133
-17
48
-54
28
329
-8
455
384
-95
497
57
124
473
147
572
-208
507
54
-203
515
-94
349
377
269
498
-368
666
-436
-392
293
-899
167
-188
-386
577
-651
353
39
-465
427
-674
-216
-459
-254
-535
-39
-63
-198
609
-52
326
244
-281
457
-688
211
-324
-303
280
-274
352
-126
473
-98
396
302
-53
545
-68
-13
393
-290
603
140
364
213
476
-32
-46
238
-696
515
-636
247
-137
-277
51
28
-150
98
231
-304
79
73
-922
132
-796
27
-332
-257
239
-815
537
-517
99
36
-316
180
-79
-369
174
-709
-68
-76
-179
601
143
511
444
159
275
-199
-123
-271
-374
111
-428
217
-80
195
392
200
383
199
332
58
287
-197
163
79
-406
536
-346
-155
596
-718
369
-165
-615
94
-492
-403
67
-516
-212
-44
-570
128
-252
-165
282
-428
460
244
-363
690
-427
108
317
-336
244
-153
7
-28
95
177
-116
564
-328
595
22
-66
251
-193
-335
396
-538
404
131
-7
790
-29
626
664
-43
674
-44
-66
397
-258
269
-148
304
-220
166
-60
-277
10
-55
-302
290
-399
130
-234
-300
171
-544
146
-67
-267
370
-303
143
101
-452
399
-231
-59
423
-279
67
202
-582
114
-285
-331
149
-473
458
-393
207
183
-446
410
-275
-173
106
-351
34
59
-43
63
295
-343
404
-98
-380
550
-696
308
191
-204
634
38
382
241
198
-45
124
31
-137
331
-119
163
58
-213
-112
-293
-192
-409
-70
-167
-321
366
-529
252
-166
-430
242
-583
130
96
-136
628
-265
429
28
-344
427
-694
326
-413
-155
293
-306
427
24
110
200
-124
186
-407
141
-223
-89
210
-53
309
84
-58
153
-216
-227
88
-409
-56
-54
-285
26
-165
-221
-48
-223
21
54
-28
34
110
-71
55
181
-120
339
-316
303
-28
82
558
-112
864
469
-87
1206
-689
741
92
-660
583
-753
162
91
-217
406
49
303
273
149
185
-16
125
-127
153
-99
-27
39
-96
-8
159
-385
290
-48
-109
389
-205
288
127
-70
108
-211
124
-308
321
-43
-37
447
-544
504
-377
-156
512
-737
439
-279
-535
69
-362
-662
122
-785
-502
-38
-868
-139
-427
-679
-60
-545
52
-607
94
-162
-239
467
-346
485
24
-208
558
-330
59
556
-617
747
130
-111
915
-173
248
613
-598
790
-96
-1
689
-282
454
338
-44
678
-283
615
-129
115
487
-611
744
-559
158
4
-336
465
-300
328
22
-80
201
-315
7
-376
-31
-478
161
-191
-118
220
-360
276
-23
-346
209
-660
-28
-221
-500
196
-461
-18
79
-311
155
48
-329
313
-410
189
-161
-85
-145
-209
3
-112
-110
-14
-131
100
-99
235
-85
364
112
315
331
155
559
84
542
226
281
500
-95
735
-200
237
548
-290
802
-131
468
101
194
-64
85
-35
-279
151
-465
-214
-34
-551
169
-406
180
-223
-227
70
-545
143
-401
-63
-259
-302
-184
-170
-499
-16
-112
-560
405
-400
-42
398
-510
565
-247
101
313
-427
539
-314
149
222
56
-17
430
-282
192
149
-371
375
-313
-62
257
-134
267
377
-207
560
81
-26
220
70
-136
139
163
-137
245
136
-302
-31
9
-685
381
-473
-235
491
-819
611
-221
-280
539
-722
292
-315
-171
378
-707
640
-487
69
323
-467
537
-215
-159
386
-671
394
-328
-183
-40
-387
71
-466
365
-418
298
-11
-285
391
-489
196
-97
-209
234
-338
338
-112
104
376
-239
325
95
-56
316
-86
399
-59
51
540
-553
624
136
-170
578
39
-223
382
-330
-209
318
-522
266
-140
-358
554
-752
223
-29
-549
403
-376
-88
-305
494
-766
650
101
-43
665
-179
342
-1
11
533
-210
613
190
-182
732
-283
470
271
-246
715
-254
-7
782
-573
920
-130
179
448
-482
478
-453
63
280
-428
624
-300
55
197
-487
384
-429
-129
-196
-376
106
-469
224
-337
-255
81
-842
-15
-578
-635
-30
-687
-268
-59
-505
162
-341
-516
209
-775
45
-104
-272
104
-257
-51
-203
-7
301
-348
498
-141
-78
95
-52
258
-248
353
170
-305
583
-303
21
312
-266
178
-173
50
-28
287
-73
417
425
-312
1002
-281
359
399
-257
303
65
-316
600
-208
403
5
222
162
-127
855
-588
209
34
-643
241
94
-395
892
-719
699
-90
123
97
288
-546
93
-557
-131
-387
34
-95
-442
387
-506
598
32
-21
504
-570
-143
422
-1097
757
-241
-285
564
-21
-269
834
-163
127
782
-314
306
219
-123
68
0
93
-44
-10
411
-348
477
134
-120
478
-408
62
140
-730
321
-122
-866
1054
-816
186
676
-718
762
-294
-111
395
-875
1056
-927
306
298
-741
866
-696
12
-74
-387
-80
-347
-130
-386
-239
-21
-785
472
-704
125
40
-575
207
-283
-255
244
263
-318
477
-8
-394
397
-253
-390
493
-1053
733
-621
19
658
-529
672
35
-87
244
155
9
237
288
142
36
679
-636
1024
-637
136
201
-642
774
-748
585
-97
-100
688
-452
623
231
-382
730
-306
258
436
29
105
435
-123
-254
279
-801
286
-499
-128
-292
-286
-246
-394
-152
-328
-530
337
-861
466
-173
-298
753
-524
669
-336
-126
185
-702
126
-149
-650
858
-724
866
-93
96
660
-448
555
8
-157
799
-295
320
414
-369
610
-36
82
129
192
54
213
-22
354
-465
379
-113
-348
560
-412
215
392
-554
303
-34
-787
441
-737
-327
120
-493
-155
226
-316
192
142
-303
417
72
20
431
322
-116
963
-169
403
294
-213
249
-132
-129
136
-407
324
84
-270
330
-388
-251
-562
-222
-908
5
-112
-695
801
-480
202
667
-767
791
-410
339
50
114
514
-404
976
-491
331
256
-572
311
-586
-14
-682
12
-328
-477
243
-1038
341
-381
-421
698
-694
572
5
-33
262
196
139
108
138
-53
320
102
152
59
266
-318
78
10
-445
34
-100
-502
368
-602
263
-300
-115
100
-685
189
-376
-149
27
-236
107
242
-257
399
18
-1
209
453
-329
931
7
64
1002
-649
742
173
-483
782
-460
317
-19
-196
335
-368
546
-263
-57
578
-395
470
414
152
447
856
-219
617
235
-496
541
-281
-627
465
-981
-87
119
-1148
675
-976
106
-111
-835
317
-632
-234
55
-822
275
-848
244
-712
136
-249
-152
573
-258
830
309
633
413
504
195
181
392
-288
175
32
-529
922
-937
648
-39
-420
659
-612
-37
188
-563
268
-341
-172
419
-488
741
-181
161
645
-296
299
340
-569
595
-462
-392
189
-626
-175
77
-573
202
113
-330
309
-351
128
-537
163
-588
-199
-110
-741
182
-538
30
-314
-36
27
-165
244
-105
-68
446
-331
452
-83
200
70
285
33
246
537
-200
949
115
530
247
359
-83
284
-81
-40
-124
228
-265
412
-35
38
430
-383
370
-135
-343
106
-602
-396
191
-1176
655
-925
104
56
-435
638
-312
442
190
5
857
-410
683
-18
-218
782
-616
147
339
-468
135
204
-644
228
-307
-535
63
-458
-235
93
-325
-121
38
-562
-54
-362
-356
-139
-525
135
-79
-386
522
-403
297
-4
118
132
48
385
-228
330
374
-60
720
74
189
426
39
692
-8
998
-143
603
388
31
456
532
-162
913
-85
184
551
-372
269
-271
-111
-327
-263
-379
-333
-574
-167
-570
59
-558
-46
-360
-480
31
-129
-223
368
-14
-37
407
-472
53
89
-415
-7
187
-779
176
-4
-717
677
-458
-298
670
-789
481
-152
-391
629
-509
232
274
-341
520
-283
169
-99
209
-51
138
257
-147
346
-55
50
323
-206
520
-176
222
144
-480
544
-669
154
-80
-341
343
-303
94
-149
63
218
-131
319
-336
28
103
-625
415
-320
-330
318
-677
149
-71
-233
17
-131
-292
-100
-503
19
-466
-151
-63
-63
311
352
252
525
346
603
89
612
92
27
365
-427
356
253
-418
867
-345
153
138
-559
180
-316
-333
110
-461
236
50
-260
485
-255
342
-47
-130
470
-304
418
-5
-99
679
-294
395
-31
-176
398
-246
428
192
33
417
-312
478
-476
342
-220
-159
263
-638
60
70
-608
593
-550
-190
373
-592
146
74
-277
123
-318
21
-139
-48
236
-732
474
-571
82
241
-886
789
-862
-131
544
-1277
1193
-278
-414
1481
-1187
993
390
-715
910
-70
-626
913
-833
42
259
-627
134
-74
-519
75
-452
-133
74
-293
94
-46
-113
45
179
-359
273
152
-450
394
84
-715
864
-531
-181
674
-563
499
382
-335
567
-96
65
179
58
-151
604
-351
466
442
-380
789
-388
-109
488
-587
311
-39
-309
242
-270
145
-189
35
99
-324
217
-216
-77
138
-335
49
-293
-103
76
-525
690
-802
464
128
-466
993
-485
180
398
-610
670
44
-49
733
-337
454
60
12
181
-34
-7
-64
-42
-220
101
-32
-358
384
-680
-183
334
-1471
1203
-1471
260
281
-1162
1216
-751
117
540
-738
607
-185
-374
671
-903
301
16
-378
530
181
-323
1201
-734
776
293
-436
981
-473
319
263
16
-25
614
-592
572
93
-210
526
-83
-20
408
-417
684
-649
458
-340
-526
453
-973
293
-671
-14
-306
-363
540
-725
563
226
-929
1528
-1081
476
541
-885
838
-390
-370
562
-695
196
345
-521
526
-91
-159
280
-322
-214
-72
-622
289
-824
352
-186
-453
920
-682
407
291
-478
506
-447
159
-83
-676
765
-1244
776
-156
-333
893
-641
503
282
-627
864
-503
9
265
-567
328
-327
130
20
-119
344
-242
458
-129
45
373
-524
448
-345
84
136
-379
608
-580
202
691
-900
1353
-502
204
492
-491
587
-412
-150
326
-947
634
-573
-142
571
-395
358
194
-35
144
189
-344
105
141
-311
418
-41
-15
320
-111
154
208
60
194
367
-155
345
-42
-118
-35
35
-466
103
-68
-151
-54
301
-584
596
-639
1
12
-671
190
-488
-282
392
-780
753
-322
-39
838
-692
817
-248
-109
511
-676
494
-284
-225
695
-765
741
-398
6
381
-520
401
-175
-380
544
-707
235
215
-645
521
-268
-136
245
-291
231
-4
102
378
-165
681
-458
611
-284
-133
413
-773
349
34
-584
662
-480
1
108
-434
-210
-166
-517
-89
4
-258
454
-428
507
38
-82
238
-271
-295
-37
-139
-137
-85
222
-353
692
141
154
766
-419
528
-12
-235
375
-74
-15
343
-170
-76
69
-379
-168
-15
-622
216
-348
-297
172
-390
122
66
71
141
170
16
166
147
14
223
0
-201
491
-371
445
250
-203
418
177
-586
769
-365
-351
987
-762
445
579
-498
618
195
-450
493
-156
-67
255
72
-349
426
-467
-62
178
-690
407
-318
-317
448
-469
-270
497
-903
650
189
-428
1025
-358
-119
719
-1176
337
-412
-751
177
-550
-439
399
-788
530
-348
-253
220
-725
582
-529
404
391
-471
1109
-398
45
1173
-1217
1596
-439
-70
1102
-1105
850
-85
-548
1031
-1058
620
-45
-486
568
-549
62
-145
-333
72
-365
332
-132
280
385
-164
494
-126
39
478
-490
598
-61
-193
825
-542
330
304
-586
581
-482
-463
374
-1083
333
-716
-461
232
-799
274
-6
-670
659
-499
-42
371
-451
192
-142
125
-4
344
57
383
333
-53
314
-94
-141
308
-155
52
47
14
-147
104
-24
-401
496
-796
493
-369
-175
335
-686
342
-92
-431
811
-721
387
286
-533
469
-58
-214
320
-377
-183
-287
-218
-237
9
88
-70
367
-4
99
407
-100
386
421
-148
854
8
251
686
-385
292
176
-524
368
-373
-182
231
-415
299
-343
13
-30
-328
349
-185
197
540
-355
929
-248
319
366
-512
514
-298
193
118
59
-75
68
-304
-182
-253
-561
-128
-512
-451
468
-840
745
-299
-259
610
-958
421
-503
-256
171
-353
683
-308
743
380
39
1088
-322
605
-302
-367
-30
-762
208
-621
-150
282
-590
625
-227
-175
54
-560
-296
-178
-258
68
55
179
266
545
-72
453
76
-303
451
-469
211
247
-564
724
-862
57
260
-1253
1209
-954
158
741
-935
1141
-243
326
305
78
269
38
235
333
-221
473
-316
-131
292
-573
436
-270
-195
169
-859
472
-917
-338
92
-1350
736
-802
42
510
-472
692
148
22
536
96
-68
547
-206
317
398
-263
927
-255
445
368
-424
530
-407
-44
130
-707
244
-662
71
-329
-9
-238
28
-74
-267
125
-379
-144
85
-549
615
-468
216
542
-815
1346
-1052
525
-67
-597
602
-515
425
429
-224
1069
-575
809
-123
-6
134
-88
-52
-167
480
-396
466
328
-300
800
-389
158
285
-491
578
-625
412
-302
21
254
-261
182
46
-311
-4
-204
-328
-252
49
-569
-35
55
-551
360
-344
34
-106
114
10
-238
542
-437
76
510
-822
923
-363
-128
865
-1098
1122
-782
-42
592
-1222
835
-678
-388
477
-1015
604
-125
-450
904
-988
745
-4
-375
877
-511
562
396
-280
854
-471
336
241
-549
777
-628
292
71
-285
145
2
-508
276
-392
-352
395
-711
388
-187
-101
435
-426
327
-39
-467
554
-671
181
-61
-301
186
-51
103
60
316
-192
284
-102
-123
-47
-383
146
-568
356
-213
170
379
-88
493
-296
327
-118
-107
415
-497
367
-37
-133
335
-305
329
-102
226
253
-234
387
-259
-4
183
-296
50
537
-729
980
-232
32
788
-679
740
-380
195
79
-383
589
-483
301
632
-600
1346
-589
440
-4
-582
12
-584
-105
-526
78
-219
-393
447
-604
233
423
-689
782
-462
-366
473
-994
568
-130
-57
655
-112
494
114
-49
311
-590
650
-829
213
-51
-674
522
-820
203
-142
-63
59
-28
-337
-48
-513
-304
-148
-396
-271
229
-643
280
-254
-391
458
-439
357
51
36
322
147
-145
680
-267
682
127
60
755
-461
779
-160
12
301
-385
214
281
-212
879
-104
391
101
-164
-126
-76
-979
300
-1029
-27
456
-602
1165
-92
528
504
48
208
-242
-140
-612
-548
-186
-789
441
-282
369
201
224
295
-45
202
-361
-233
-269
-629
-179
-343
-111
269
265
508
472
530
358
-216
373
-772
82
-367
-333
82
-298
370
188
408
459
72
430
-213
36
-566
-178
-300
-581
625
-768
579
289
-320
650
-290
-17
108
-224
-20
-257
336
-256
288
443
-354
638
14
-364
364
-491
-97
-23
-245
-228
91
-410
402
52
239
339
308
-39
573
-427
-12
34
-869
309
-163
-56
810
59
424
431
-67
33
-70
-567
-468
-112
-875
316
-595
112
31
-279
564
-539
517
-35
-517
584
-1251
409
-530
-333
369
-569
797
-247
515
539
-215
817
-269
-159
266
-821
405
-588
66
-88
78
-1
111
50
-197
253
-244
-8
-65
-27
-34
203
-277
608
-166
524
281
47
380
365
-343
694
-710
-40
179
-889
451
-389
1
264
-109
213
-54
112
-93
-296
139
-582
250
-174
-301
393
-111
255
424
-297
373
-181
56
-17
-96
149
21
38
91
-238
180
-201
-248
125
-772
351
-800
164
-211
-524
619
-530
478
403
-280
1003
-168
266
643
-778
972
-519
229
287
-267
474
35
-2
589
-473
415
-89
-501
831
-1025
529
-346
-403
253
-437
-24
557
-604
843
-286
73
352
-381
43
-53
-554
76
118
-451
921
-419
498
231
-389
380
-745
218
-311
-621
653
-1003
477
-101
-725
829
-1072
569
2
-490
867
-667
340
81
-456
351
-228
-283
584
-683
490
-135
-20
311
-21
-32
372
-104
131
35
-226
-269
69
-439
-153
395
-844
711
-252
-381
864
-968
427
455
-1068
1351
-927
309
810
-882
892
-333
-373
318
-611
178
269
-228
751
-4
568
216
256
258
-286
102
-214
-431
517
-394
324
181
-260
427
-474
524
-496
83
-126
-410
182
-72
-415
707
-761
394
-1
-373
478
-160
214
199
117
-1
344
-118
286
-198
369
-436
442
-285
90
121
-190
-64
90
-512
411
-803
-122
-359
-658
235
-832
357
-191
-413
551
-534
379
93
-312
411
-481
363
-219
94
35
-237
254
-247
249
23
112
366
-212
703
-420
289
117
-506
486
-249
82
495
-192
634
280
131
494
74
0
681
-346
761
179
-37
1092
-384
465
291
-812
780
-966
-144
193
-1147
576
-729
-334
312
-1038
346
-574
-803
299
-1317
367
-635
-301
698
-937
1219
-728
532
384
-615
1027
-822
419
-112
-552
430
-1306
812
-873
312
401
-535
965
-787
430
-98
-538
485
-879
428
-331
-117
576
-436
834
-72
458
365
-7
537
37
111
473
-276
555
-231
362
-80
-86
316
-193
409
57
-31
158
-530
111
-544
-5
-6
-173
767
-249
835
-25
354
-4
318
14
-84
504
-75
473
318
-624
814
-964
0
-178
-889
120
-871
-394
-298
-648
70
-621
-139
-757
-469
-199
-884
356
-752
243
-43
181
34
577
-61
1116
397
740
595
201
239
176
-87
229
7
-176
519
-354
84
-14
-163
162
-72
-517
623
-1025
631
-533
-184
310
-993
855
-600
938
190
669
479
605
394
-57
346
-184
79
-189
-273
397
-595
840
-918
229
-341
-899
656
-1575
354
-974
-497
-88
-512
367
-8
754
410
924
600
336
1109
-448
1086
-447
-71
683
-1119
990
-713
-335
359
-1016
165
-706
-1053
94
-1810
22
-1074
-932
258
-1264
445
-491
-173
436
-109
874
334
515
561
170
645
49
278
95
328
43
377
8
233
173
-211
334
-524
268
-342
-34
-40
-229
109
-260
-44
298
-59
590
131
595
4
525
-135
99
329
-108
131
372
-315
631
-172
-12
232
-776
2
-820
54
-968
421
-513
-5
419
-272
354
239
-176
555
-295
-401
407
-677
143
-16
-160
242
51
333
31
237
247
-469
181
-297
-589
280
-527
-425
489
-792
473
12
-331
1079
-388
403
659
-517
897
19
274
483
-342
338
-348
-52
-79
121
-242
274
-535
222
-608
-340
120
-770
62
-16
-677
610
-840
520
-210
-258
708
-685
644
-311
77
650
-237
455
190
-647
1021
-1149
823
-409
-304
364
-760
100
-156
-348
896
-817
1168
-659
35
553
-1133
1517
-902
553
416
-1152
1123
-703
155
1006
-911
1180
-965
517
-283
-432
375
-358
-220
360
-965
345
-466
-140
398
-281
504
261
184
496
375
0
451
-195
203
55
-112
-34
190
-341
242
-377
213
-147
-212
165
-815
173
-535
-418
35
-555
150
-372
-181
-62
-202
-167
285
177
-171
709
-216
280
452
-323
689
-139
191
622
-313
634
151
220
481
-194
294
157
-634
832
-1034
32
122
-1296
1196
-1245
-234
678
-1519
965
-489
-664
1246
-1663
1210
-391
-334
615
-255
468
267
63
617
81
6
562
-204
-349
603
-759
475
-72
-178
698
-727
975
-340
286
250
-927
903
-1456
345
-247
-941
917
-1197
599
-216
-619
692
-977
290
-349
-368
245
-595
480
-473
365
311
-184
953
-536
675
179
-54
545
-187
-68
476
-484
780
-383
170
333
-34
539
-210
172
-202
-315
219
-164
-212
268
-443
597
-465
360
16
-500
333
-89
-112
635
-802
957
-555
148
617
-1312
1009
-1096
-350
460
-1609
965
-801
-268
667
-1112
938
-558
-192
308
-655
-105
-20
-392
279
-136
589
51
656
142
240
259
129
180
81
48
29
349
-71
-42
244
-286
270
106
-564
664
-790
66
538
-902
656
-317
-179
838
-754
1026
-201
437
633
-442
1050
-926
742
303
-914
1538
-1581
1166
-265
-605
1118
-1599
777
-538
-695
837
-1672
918
-729
-489
798
-1166
497
-77
-544
587
-387
-611
606
-926
58
247
-899
470
-306
-100
733
-651
639
61
-498
910
-853
548
-163
-268
533
-449
170
-12
67
405
-172
700
-169
498
611
-359
842
-620
468
4
-38
287
-60
290
224
293
361
78
247
-197
104
-698
-10
-653
-335
97
-838
801
-772
210
413
-986
1123
-1180
295
-52
-946
910
-1118
524
-382
-316
585
-609
532
186
-776
977
-1148
150
20
-930
291
-12
-592
987
-569
387
555
-513
1250
-462
707
-23
320
157
232
-26
437
-308
976
113
495
618
93
558
437
-222
317
-262
-326
341
-1054
534
-920
559
-102
-267
227
-771
-89
-220
-1062
297
-1130
-187
44
-1020
487
-682
139
51
-380
391
-433
-26
265
-998
730
-1204
234
-42
-505
461
-218
-94
54
45
1
282
52
54
380
140
-80
730
-490
1189
-349
830
212
20
1019
-148
740
509
-141
895
-234
233
443
-838
938
-719
411
-2
-182
198
-194
-35
280
-598
410
-588
-7
-107
-451
57
-603
148
-580
194
-95
-174
483
-266
29
623
-1046
1069
-506
154
757
-929
920
-399
49
422
-354
215
199
-266
401
-373
-92
-188
-112
-490
141
-546
-58
149
-711
424
-529
-46
-202
-404
-253
-441
-48
-408
146
-438
-36
279
-876
615
-789
-395
758
-1185
872
-273
-180
1102
-738
850
239
-325
1138
-678
382
130
-763
882
-592
101
619
-853
1151
-604
129
256
-731
656
-495
78
240
-204
640
299
-1
1105
-215
1086
358
164
891
119
324
795
-483
915
-165
280
378
-403
774
-371
394
-1
-241
-122
-419
-630
-16
-831
-49
-308
-561
59
-256
-768
463
-1113
-41
43
-1162
668
-1045
-314
-163
-933
4
-142
-594
878
-737
400
205
-745
901
-569
100
705
-969
926
-521
-192
864
-842
1563
-453
623
581
-598
1060
-536
653
430
122
628
356
246
266
276
296
89
793
-644
1250
-1030
517
51
-848
978
-992
347
-28
-835
436
-676
-652
223
-1374
498
-1193
-69
-764
-262
-906
437
-1198
335
-297
-418
379
-686
57
200
-584
649
115
-219
1393
-741
1586
-125
732
669
356
439
612
-288
749
-235
539
363
-135
655
-137
252
50
110
-518
708
-1149
436
-624
-716
-13
-806
-535
376
-1034
367
-352
-646
369
-867
47
-306
22
-471
566
-486
500
-81
317
252
329
292
462
235
409
103
500
-317
363
35
-283
634
-258
205
-42
-93
-91
-89
-245
-376
41
-586
-86
-261
-823
101
-629
-53
81
-286
142
-9
53
-142
332
-141
394
621
-363
932
-263
252
908
-742
1075
-178
-132
745
-684
433
337
-384
1111
-570
559
350
-595
617
-569
-289
377
-674
171
109
-564
888
-823
497
4
-217
654
-487
214
262
-508
774
-546
154
286
-218
246
156
-93
427
323
-269
525
-298
-76
463
-965
591
-845
89
202
-931
771
-1081
159
13
-890
412
-663
-552
357
-960
242
-384
24
-538
526
-825
224
-63
-785
470
-860
38
61
-491
193
6
-349
484
-571
398
-483
218
-343
-111
-217
-255
-86
-116
-469
94
-115
-569
584
-759
519
-127
-38
676
-271
420
634
-441
1074
-372
585
663
-520
1640
-401
766
1125
-555
1540
326
-64
1936
-664
901
1170
-874
1494
2
-154
1427
-791
677
353
-883
1006
-751
222
21
-279
65
-379
-76
-261
-87
-231
-410
-64
-651
-241
-393
-427
-477
-181
-350
-552
19
-947
-70
-522
-546
-62
-575
-592
-33
-835
-16
-114
-433
220
-47
-316
527
-319
-75
555
-472
693
-9
179
553
223
184
755
-181
783
162
472
45
696
-125
490
296
-432
1027
-704
567
122
-337
468
-290
-275
57
-769
316
-879
234
-603
-286
-44
-640
-150
-51
-631
148
-57
-735
513
-676
-49
226
-682
474
-260
-230
370
-335
219
-12
105
-40
124
-7
-12
129
39
208
243
13
334
-364
436
-330
124
417
-392
754
-353
291
170
-410
685
-664
403
-69
-414
855
-921
669
-450
-101
539
-475
740
-298
526
99
240
583
-373
840
-484
466
317
-724
1238
-736
450
527
-736
875
-441
178
112
-335
102
-339
177
-201
-197
389
-735
402
-88
-434
696
-873
314
-24
-888
529
-885
-173
265
-1014
784
-861
243
174
-446
675
-644
550
-189
-335
539
-851
321
-63
-374
610
-321
229
304
-111
654
122
244
302
-87
192
220
-329
299
150
-241
756
-342
178
328
-436
397
-409
-65
29
-405
296
-686
507
-547
155
-112
-718
727
-692
56
306
-1019
348
-140
-676
476
-617
-101
335
-432
38
235
-590
550
-288
-7
347
-418
644
-57
-88
665
-624
555
-111
-541
751
-858
375
-36
-495
687
-533
563
-102
-301
476
-725
735
-563
229
21
-338
462
-49
-115
554
-491
318
-82
-16
88
11
193
-317
603
-672
556
-100
-250
367
-197
-31
581
-495
775
-108
174
529
-342
632
-343
314
-136
295
63
491
-376
636
-408
88
266
-478
459
-513
68
-214
-452
29
-322
-416
25
-833
350
-546
391
-261
314
-245
-176
388
-842
950
-646
419
315
-570
816
-316
-27
727
-677
767
-338
56
309
-246
350
10
266
-222
498
-383
389
-291
194
186
-172
411
-209
-294
527
-762
299
-127
-597
601
-578
288
-24
-90
118
-18
-318
-78
-520
-45
-660
108
-970
-76
-260
-213
129
-116
119
-108
242
31
-30
334
-5
268
214
-266
999
-700
1094
-76
-414
1037
-903
764
260
-495
1190
-558
362
412
-632
942
-577
773
-254
326
56
-23
171
-250
-153
-145
-324
14
-319
-293
275
-442
261
-207
-49
-403
261
-854
477
-833
243
-289
-400
-26
-398
-40
-335
-162
-152
-417
259
-409
-108
610
-1184
1187
-983
171
339
-618
546
-205
-153
595
-147
342
486
146
442
187
562
-223
515
-151
465
97
139
401
194
-17
723
-495
291
10
-354
48
-95
-138
15
416
-332
445
289
-341
830
-451
-232
812
-1023
820
-222
-340
540
-581
297
-201
-37
31
-315
457
-781
519
-38
-407
758
-410
237
344
-393
143
108
-582
449
-215
-421
108
-439
-197
282
-608
577
-450
-96
235
-614
31
-10
-638
348
-547
-324
511
-865
561
-196
10
141
46
22
174
57
245
-70
555
-393
411
260
-156
431
159
-120
407
-58
-172
250
-415
106
76
-150
-47
310
-676
323
-175
-392
497
-518
23
335
-472
508
78
-143
170
230
-761
502
-392
-727
757
-881
-431
823
-1580
939
-443
-648
834
-1013
493
-137
-14
158
227
354
-113
555
152
-596
1463
-1362
993
-50
-662
852
-615
3
330
-647
573
-232
59
199
-157
366
-193
297
-30
60
-76
232
-631
658
-512
203
-52
106
-151
408
-315
424
-211
177
75
-61
259
-365
729
-509
532
83
-103
284
403
-484
877
-468
293
164
-108
130
-167
-24
-189
39
-472
283
-611
429
-259
-38
591
-518
739
-42
-364
896
-926
623
13
-715
672
-775
4
-43
-373
-370
205
-329
-65
197
-647
428
-330
-281
101
-467
21
20
-371
290
-649
339
-105
-228
591
186
97
721
-194
570
-140
118
175
-230
270
-21
154
-35
221
-149
251
1
202
135
153
-68
256
-133
-4
-484
213
-785
-92
110
-962
779
-595
-248
535
-1073
505
-84
-707
902
-1247
805
-730
-437
302
-1208
435
-422
-317
830
-910
902
-41
-220
1140
-530
712
-237
246
27
178
18
140
228
-390
489
-149
-134
850
-338
571
221
-161
784
-672
924
-439
-97
436
-773
742
-213
-4
410
-60
245
448
-284
420
-76
175
-20
99
-321
181
-241
-333
140
-504
-17
-233
-19
-392
196
-409
137
-333
-392
-21
-286
-156
157
-256
21
171
-114
462
-209
358
-107
211
-103
-22
120
-89
69
-58
106
-195
459
-263
168
369
-507
847
-454
86
327
-810
516
-262
-94
165
-298
326
-410
152
-180
-136
56
-507
619
-505
273
55
-155
463
-168
531
111
95
407
-306
362
-372
79
281
-306
583
-319
364
220
-249
848
-383
60
532
-809
550
-462
-215
461
-614
257
221
-793
562
-602
-221
151
-803
80
19
-893
434
-587
-450
324
-758
223
-340
-41
9
-174
78
-101
-20
164
-418
646
-341
155
405
-181
304
325
-321
520
-113
-215
639
-414
337
122
27
52
170
-21
42
135
-104
28
275
-371
488
-106
-285
346
-669
239
-210
-207
-95
-73
-472
233
-389
-44
48
-299
239
-445
-5
-119
-398
189
-71
-210
587
-673
902
-210
69
783
-69
495
511
145
722
609
92
1322
-114
1170
477
569
701
77
616
185
-255
749
-794
202
-26
-854
458
-809
-308
-188
-791
-468
-461
-785
-625
-528
-628
-695
-200
-793
-319
-90
-793
112
-176
-711
729
-724
213
322
-588
589
-110
-250
612
-281
-77
702
-484
675
225
-60
771
103
72
688
-246
169
274
-180
-169
472
-599
12
505
-1048
783
-288
-688
875
-1044
260
595
-1159
1176
-428
-11
985
-530
720
398
-200
1015
-87
531
434
297
350
124
341
-234
635
-368
203
205
-453
76
-86
-859
338
-867
-343
35
-1187
193
-660
-823
496
-1321
144
-82
-1269
835
-1097
54
149
-724
560
-407
-99
382
-402
815
-255
585
322
34
1172
-287
985
584
175
1337
-56
715
764
-271
911
-408
222
-170
-299
-242
-575
-183
-1037
-138
-960
-919
-173
-1494
-322
-677
-1039
171
-829
329
29
49
590
485
419
751
745
502
1197
234
996
375
345
460
-176
404
-294
22
157
-926
393
-638
-676
332
-1512
154
-711
-731
255
-668
-23
312
-359
693
27
475
619
240
927
-266
1012
-349
509
277
-514
832
-403
-1
534
-1018
950
-650
-156
443
-783
643
-336
248
272
50
586
133
293
588
-211
892
-327
420
83
-372
366
-513
-337
-54
-982
-253
-690
-898
-372
-1067
-458
-902
-464
-740
-344
-436
-135
-110
267
289
651
773
865
910
724
756
836
322
464
272
-321
430
-676
-290
-418
-916
-500
-836
-1095
-734
-800
-1039
-429
-762
-574
43
-501
295
214
93
730
433
781
627
947
787
636
957
364
560
563
-11
596
-68
-89
307
-611
-56
-134
-687
151
-409
-403
291
-466
127
185
-9
566
174
261
523
95
561
118
199
211
-55
221
-94
-222
66
-733
-151
-533
-726
-470
-647
-584
-414
-373
-200
132
-93
99
125
247
232
568
28
601
24
407
109
165
282
-48
468
9
183
336
-117
221
-38
-486
307
-766
94
-44
-312
253
56
-139
559
68
401
561
94
399
215
-75
65
48
-529
354
-608
-224
-304
-989
-200
-786
-890
-92
-1072
-203
-390
-890
221
-684
-22
180
-301
593
155
456
762
114
1013
141
594
559
11
1108
-134
813
458
-83
596
-319
12
21
-671
169
-535
-103
-53
-292
173
-543
11
-257
-339
211
-213
139
322
-395
636
-489
207
93
-399
101
-269
-461
-74
-344
-371
114
-330
62
39
-295
61
-166
-298
390
-340
507
111
265
448
240
427
109
245
43
-9
84
-91
4
-91
-223
64
-542
-58
-365
-174
12
-203
-94
-173
-257
-131
-326
-118
-262
53
-21
144
339
110
647
68
430
279
-102
522
-189
277
386
75
665
180
211
176
-124
-19
-319
-141
-417
-15
-165
-74
258
-49
324
303
39
284
110
63
374
-89
346
243
-42
423
-292
19
157
-505
409
-390
-156
187
-695
164
-344
-485
237
-689
-150
-21
-687
206
-255
-473
234
-519
-84
69
-460
333
-80
-44
433
-154
310
10
-141
397
-306
202
5
-275
243
-249
123
303
-3
620
-27
253
422
-355
558
-265
-73
511
-485
480
93
-242
720
-543
226
205
-659
484
-735
-232
102
-725
288
-383
-286
214
-582
-13
-242
-555
92
-404
-140
167
-391
277
-102
-250
189
-341
10
135
-283
359
-50
209
323
-190
345
-158
-9
154
-204
217
24
-44
344
-360
194
-251
-237
269
-425
421
-45
51
508
-10
476
460
188
787
100
482
312
146
340
96
207
72
-19
-26
3
29
-22
101
9
24
280
-211
358
-75
58
351
-285
316
-80
-147
260
-429
49
-195
-343
-73
-276
-323
-275
-307
-453
-184
-522
-462
-214
-758
-186
-360
-535
53
-345
4
41
-172
15
74
-68
206
164
-68
362
148
118
404
133
449
375
255
449
331
355
370
242
290
217
242
92
117
-30
-46
-72
-123
-89
55
-13
76
111
-71
-77
-108
-228
-140
-224
-484
-91
-612
-202
-255
-431
-40
-210
-171
84
-261
59
17
-217
154
-202
55
117
22
168
113
62
251
-83
175
21
-99
153
-224
111
-121
-104
-8
-204
-65
-67
-244
65
-166
60
112
68
94
145
36
103
237
-190
378
-195
-13
126
-258
211
67
-103
264
-143
-60
55
-322
-116
-94
-353
29
-145
-299
138
-200
21
183
-98
252
244
146
450
235
337
335
452
263
464
294
160
662
115
539
565
46
619
-14
145
219
-211
90
-122
-193
-143
-213
-339
-164
-242
-376
-115
-444
-287
-344
-528
-381
-419
-374
-365
-349
-431
-397
-352
-282
-170
-30
-156
114
47
-124
215
-10
166
482
-37
579
185
139
512
-71
413
168
29
285
-40
206
152
105
198
-74
150
-190
103
-190
-226
62
-351
43
-172
-349
-74
-435
-211
-149
-211
-3
-13
-26
90
120
83
234
76
120
157
31
68
63
41
71
150
64
135
158
-34
119
-31
-115
182
-259
-66
-31
-313
165
-170
34
150
-198
257
4
28
224
-263
113
-110
-53
140
-109
37
-141
-216
-52
-316
-112
-186
-288
-5
-294
-68
-121
-140
-6
-84
11
230
131
197
174
122
234
76
63
180
-50
222
155
29
447
-32
276
181
-98
364
-273
-23
-28
-325
262
-254
106
191
-136
412
21
170
261
-137
183
25
-119
54
-237
-161
-26
-236
42
-61
-174
106
-253
-20
57
-235
86
-274
-127
-19
-232
28
-192
-19
81
123
315
262
381
258
306
314
145
234
-60
8
12
-116
137
-117
-55
-19
-181
157
72
49
117
-160
-90
-186
-341
-250
-460
-410
-471
-409
-253
-318
-221
-316
-189
-153
-92
-28
-126
75
-10
161
236
137
314
95
214
291
78
409
90
178
190
-79
127
-65
-56
74
-87
79
133
39
230
40
36
-2
-266
-201
-106
-247
41
-166
-125
146
-88
247
128
89
289
-48
151
191
4
158
-141
-46
11
-112
30
-147
-69
-51
-42
0
16
-26
-198
-103
-199
-131
-72
-315
-68
-222
-61
190
6
246
-18
-32
144
26
213
93
124
94
146
225
282
323
219
194
196
147
298
150
-12
-46
-251
-74
-86
-88
-41
-110
-154
-69
-86
26
-35
-83
-95
14
46
51
15
-81
-34
27
-113
-46
-82
-212
76
-19
112
147
-127
57
-98
-176
29
-215
-94
-156
-201
-95
-75
29
30
168
236
208
277
185
268
284
63
185
126
64
154
-5
-39
-14
-202
-58
-53
-102
-18
-156
-170
-181
-311
-237
-261
-275
-269
-367
-308
-294
-278
-198
-194
-155
-38
-60
74
60
34
104
44
155
177
146
220
145
240
388
272
353
197
142
172
-28
69
-12
-63
-56
-159
-129
-27
-100
-63
-119
-119
-51
-41
43
59
30
20
89
82
86
98
49
89
144
27
165
135
89
127
79
75
60
14
-42
41
-18
-8
9
-28
-10
-70
-36
-53
-117
-47
-54
-75
-2
-106
-71
19
-40
-4
-40
-107
1
-22
49
81
78
106
-7
12
-39
-37
10
-17
-45
-76
-122
-116
-156
-166
-137
-150
-138
-155
-175
-132
-172
-104
13
14
170
108
112
205
109
309
206
180
299
109
265
125
25
157
-33
127
177
92
216
70
104
119
80
106
31
-15
-130
-163
-145
-169
-184
-133
-199
-108
-31
-115
-64
-118
-160
-85
-166
-124
-108
-235
-148
-167
-106
-44
-47
-38
-4
-81
-77
-30
-64
35
-30
7
103
-19
54
-58
-43
66
-33
111
35
91
195
105
222
151
92
107
25
103
79
104
128
80
97
26
1
35
9
21
-22
-110
-124
-149
-176
-133
-170
-136
-85
-103
-61
-39
-30
23
-1
-11
27
11
78
37
81
83
85
125
111
126
138
105
147
121
65
-40
-156
-189
-248
-154
-155
-113
-83
-41
113
181
324
301
195
181
53
48
12
-30
-50
-88
-88
-57
-20
-16
11
-34
-142
-165
-258
-234
-217
-204
-33
-10
152
178
179
248
126
201
156
78
197
27
73
65
-83
37
-122
-67
-84
-194
-61
-141
-55
-52
-57
25
-91
-15
-58
-121
-5
-74
49
70
87
178
111
130
96
71
82
93
65
-34
-83
-150
-134
-113
-115
-66
-157
-146
-147
-105
4
6
78
55
86
159
136
187
145
102
45
-29
-28
-68
-54
-40
-36
-8
-27
7
-37
-57
-54
-90
-32
-20
10
7
-80
-118
-150
-139
-151
-153
-143
-104
7
50
105
62
10
41
15
63
36
71
87
71
143
49
49
0
-54
-49
-91
-78
-80
-104
-87
-111
-45
19
95
114
84
107
86
88
97
154
175
249
252
254
272
223
168
87
-1
-55
-68
-82
-45
-2
-36
-97
-104
-110
-101
-118
-169
-199
-202
-227
-196
-185
-178
-137
-93
-84
-22
70
16
23
-41
-108
-65
-82
83
125
168
240
153
230
137
111
75
-1
100
55
128
161
101
154
32
72
98
48
79
-26
-54
-109
-169
-142
-175
-117
-27
16
92
60
74
-38
-108
-176
-263
-170
-184
-125
-71
-65
49
60
94
116
-6
-6
-83
-48
-29
18
122
117
185
212
240
240
143
94
-35
-121
-96
-153
-113
-101
-88
-41
10
83
102
53
-40
-141
-215
-234
-161
-78
-38
0
16
4
58
43
47
17
-41
-23
-54
-21
32
12
68
43
22
57
40
51
4
-15
-51
-21
-36
-101
-82
-116
-88
-53
-72
20
16
-18
-34
-92
-77
-59
-41
-37
-50
-87
-40
-12
65
163
157
161
84
43
33
22
93
78
125
169
168
280
233
231
169
83
61
-39
-54
-114
-142
-129
-117
-16
4
19
48
-27
-39
-92
-67
-27
-43
-14
-54
-99
-103
-85
-11
17
46
64
30
33
38
37
38
-25
-52
-70
-63
-36
-50
24
42
56
70
47
31
-14
-20
-22
-50
5
24
61
52
47
65
81
132
92
58
6
-27
-55
-77
-73
-118
-154
-93
-108
-53
13
34
75
22
27
13
-39
-25
-55
-87
-111
-154
-146
-95
6
46
66
93
80
68
41
30
14
-44
-57
-49
-65
-42
-35
-49
-9
8
18
51
53
30
5
-34
-43
-35
-31
-7
18
32
45
39
22
24
32
25
13
4
-21
-25
-40
-46
-46
-65
-87
-99
-91
-34
36
82
101
106
99
94
81
69
23
-24
-24
-55
-71
-51
-58
-33
-8
-19
16
-6
-46
-66
-63
-40
12
38
51
55
54
113
141
159
145
124
73
43
22
25
15
-3
-18
-37
-57
-13
-17
-6
42
62
101
78
78
73
67
12
-34
-64
-64
-83
-101
-133
-121
-112
-83
-34
-11
-25
-75
-103
-122
-99
-89
-83
-28
29
78
139
168
195
167
124
65
11
-17
-42
-30
-20
-3
20
26
21
35
19
20
11
-23
-18
-37
-43
-44
-58
-41
-49
-52
-42
-48
-36
-62
-80
-57
-22
35
56
45
48
19
-8
-2
6
42
70
97
88
51
55
62
84
97
76
37
-32
-67
-93
-130
-117
-139
-109
-81
-79
-26
-17
27
78
96
114
92
65
-23
-103
-100
-120
-118
-133
-141
-146
-130
-103
-81
-32
19
38
41
18
-27
-62
-99
-124
-117
-97
-81
-46
-59
-32
28
82
128
146
160
164
145
138
108
131
129
117
153
159
205
192
187
173
138
94
37
3
-12
-52
-94
-152
-128
-111
-137
-124
-149
-103
-89
-44
3
-6
-32
-32
-38
-20
-103
-110
-78
-36
-61
-6
111
94
82
74
91
112
109
102
106
82
52
26
36
53
82
62
63
86
79
93
115
89
79
21
-17
-22
-54
-78
-126
-142
-138
-114
-52
-49
-68
-68
-123
-132
-135
-68
-43
-32
-30
-50
-35
-34
4
-1
48
111
-83
-197
-132
-97
106
120
104
62
-36
-34
-17
-3
12
-25
-21
-32
5
95
83
74
36
40
78
75
47
16
-2
-24
-65
-98
-105
-163
-204
-208
-160
-114
-85
-53
-81
-111
-130
-140
-76
14
10
29
31
69
105
134
142
136
113
87
98
99
123
113
108
102
115
84
75
57
50
9
-1
6
-17
-16
-49
-7
29
51
58
8
-48
-60
-87
-88
-123
-123
-104
-47
52
81
99
68
21
19
35
77
106
97
100
82
86
119
169
181
154
125
93
116
130
96
19
-75
-122
-131
-119
-119
-151
-200
-211
-195
-182
-165
-167
-176
-170
-138
-90
-64
-17
20
20
17
15
25
9
-34
-43
-28
-27
-38
-59
-44
-39
-12
5
10
12
0
-2
5
10
10
20
37
70
106
165
196
174
127
73
35
46
64
64
45
24
22
50
68
93
83
34
44
60
68
79
85
67
28
9
18
54
75
78
76
40
27
37
22
-5
-23
-6
20
5
-34
-47
-65
-71
-97
-136
-131
-140
-138
-131
-160
-184
-209
-234
-229
-227
-213
-184
-174
-158
-128
-95
-53
-40
-65
-49
-42
-49
-43
-46
-48
-17
-4
-12
-35
-59
-84
-84
-73
-103
-96
-54
-22
8
63
93
88
54
42
67
90
50
31
43
55
98
150
177
192
234
234
232
216
191
186
193
191
175
180
173
158
138
128
128
142
144
168
146
97
49
30
29
17
7
-10
-15
-23
-16
-19
-18
-15
-30
-47
-63
-62
-18
-5
-4
2
-1
28
52
64
47
21
8
-44
-82
-80
-88
-111
-123
-121
-90
-83
-85
-119
-150
-158
-164
-140
-112
-98
-74
-39
-40
-33
-37
-48
-70
-80
-105
-128
-145
-127
-110
-74
-38
-12
4
7
26
44
39
2
-26
-54
-81
-100
-101
-112
-109
-97
-73
-41
-10
-4
-12
-56
-81
-84
-104
-91
-84
-82
-85
-95
-107
-96
-81
-32
30
65
67
69
77
100
139
151
166
176
167
156
137
117
