-1
0
0
0
0
0
0
0
0
-1
0
0
0
1
0
1
0
-1
0
1
0
0
-1
0
0
0
0
0
0
1
0
1
0
0
0
0
0
1
0
1
0
0
0
1
0
0
0
0
0
-1
0
0
0
0
0
0
0
0
0
-1
0
0
0
0
0
0
0
0
0
0
1
0
1
0
0
1
0
0
1
0
0
1
0
0
1
0
0
0
0
0
0
0
0
0
0
0
1
0
0
-1
0
0
-1
0
-1
0
0
1
1
0
0
0
-1
0
0
0
0
0
0
1
0
0
-1
0
0
0
0
-1
0
1
0
0
0
0
0
-1
0
0
0
0
0
0
0
1
0
0
0
0
0
-1
0
0
0
0
0
1
0
0
0
0
0
0
0
1
0
-1
0
-1
1
0
0
0
0
-1
0
-1
0
0
0
0
-1
1
0
0
0
1
0
-1
0
1
1
0
-1
0
0
0
0
0
0
0
0
-1
0
0
0
0
1
-1
0
0
-1
0
0
0
0
0
1
1
0
0
0
-1
-1
0
0
0
1
0
0
0
0
0
0
1
0
0
-1
0
0
1
0
0
0
0
0
1
0
0
-1
0
0
0
0
0
0
0
0
1
0
0
0
0
0
0
0
0
1
0
0
0
0
0
0
-1
0
0
0
0
1
0
0
1
0
0
0
1
-1
0
-1
0
0
0
1
0
0
0
0
0
0
1
0
0
0
0
0
0
0
0
0
-1
0
0
0
1
0
0
0
1
0
0
0
0
0
0
0
0
0
0
1
0
1
0
-1
0
0
-1
0
0
0
-1
0
0
0
-1
0
-1
1
-1
1
0
0
0
0
0
1
0
1
0
0
0
0
0
0
0
0
0
0
0
1
0
0
-1
0
0
0
0
0
0
0
0
0
0
-1
0
0
1
0
0
-1
0
0
0
0
0
0
0
0
-1
0
1
0
0
0
0
1
0
0
0
0
0
-1
0
0
-1
0
0
0
0
0
0
0
0
0
0
0
1
1
1
1
0
0
-1
1
0
0
0
0
0
0
0
0
0
0
0
0
1
0
0
1
0
1
0
0
1
0
0
0
0
1
0
0
-1
0
0
1
1
0
0
-1
0
-1
-1
0
0
0
1
1
0
-1
0
1
0
0
0
0
1
0
1
-1
0
1
0
0
0
-1
0
0
0
1
0
-1
0
-1
-1
0
0
1
0
0
0
1
1
0
0
1
1
-1
0
-1
0
0
0
1
0
0
0
0
-1
0
0
-1
0
0
-1
-1
1
0
0
0
0
-1
0
1
0
0
0
-1
1
0
1
0
1
-1
0
0
0
-1
0
0
0
0
0
0
0
0
0
0
0
0
0
0
0
0
0
1
0
0
0
0
1
0
0
0
0
0
0
0
0
0
0
0
0
0
0
0
0
0
0
0
0
1
0
0
0
0
-1
0
0
1
0
0
0
0
0
-1
0
0
0
0
0
0
-1
0
0
-1
0
0
0
-1
0
0
0
0
-1
0
0
0
0
0
0
0
0
0
0
0
0
0
0
0
-1
0
0
0
-1
0
-1
0
-1
0
0
0
0
1
0
0
0
0
-1
1
0
0
0
0
0
1
0
0
0
0
0
0
1
0
0
0
0
-1
0
-1
0
0
0
0
0
0
0
0
0
0
0
0
0
0
0
0
0
1
0
1
1
0
1
0
0
0
0
0
1
0
1
0
0
0
1
0
0
-1
0
0
1
0
-1
0
0
0
0
-1
-1
1
0
0
1
0
0
1
0
0
0
-1
1
0
0
0
0
0
0
-1
0
0
0
0
0
0
0
0
0
0
0
0
0
0
0
0
0
0
0
0
-1
0
-1
0
-1
0
0
0
0
0
-1
0
-1
1
0
0
0
0
0
-1
0
-1
0
-1
0
0
0
0
-1
0
-1
0
1
0
0
0
0
0
0
1
0
0
0
0
0
0
-1
0
0
0
0
0
0
0
0
1
0
1
1
0
0
0
0
0
0
0
0
0
0
1
0
1
0
0
0
0
0
0
0
1
0
0
0
1
0
1
1
0
0
0
0
-1
0
0
1
0
0
0
0
0
0
0
0
0
0
0
0
0
-1
0
0
0
0
0
0
0
0
0
-1
0
1
0
0
0
0
0
0
0
-1
1
0
0
0
1
0
1
0
0
0
0
0
0
0
-1
0
1
0
0
0
1
0
0
0
0
-1
1
1
0
0
1
0
0
0
0
0
0
0
0
-1
0
0
0
0
1
0
0
0
0
0
0
-1
-1
1
0
0
1
0
0
-1
0
-1
1
0
1
0
0
0
0
1
-1
0
0
0
0
0
0
0
0
0
0
0
0
0
0
-1
0
0
0
0
1
0
0
0
0
0
0
0
0
-1
0
0
0
-1
0
0
1
0
-1
0
0
0
0
1
1
1
0
0
-1
0
0
-1
0
0
0
0
-1
0
0
0
0
0
0
1
0
0
0
0
0
1
0
0
0
0
0
0
0
-1
1
-1
0
-1
0
0
0
0
-1
0
0
0
0
0
0
0
0
0
1
0
0
0
0
0
0
0
0
0
0
0
0
0
0
-1
0
0
0
1
0
0
0
0
-1
0
-1
0
1
0
0
1
0
0
0
0
0
0
0
0
0
0
1
-1
0
-1
0
0
-1
0
0
0
0
-1
0
0
0
0
0
1
0
0
0
0
0
0
0
-1
0
0
0
0
0
0
-1
0
0
0
0
0
0
-1
0
-1
0
0
0
0
1
0
0
0
0
0
0
0
0
0
0
0
0
1
0
0
0
0
1
0
-1
0
1
0
0
0
0
0
0
0
-1
-1
0
0
0
1
0
-1
0
0
-1
0
0
0
-1
0
0
1
0
0
0
0
0
0
1
0
0
0
0
1
0
0
0
1
1
0
0
0
0
0
0
1
0
1
0
0
0
1
0
0
0
-1
1
1
0
-1
0
0
0
0
0
0
0
0
0
0
0
1
0
1
0
0
0
0
0
-1
0
1
0
1
-1
0
0
1
2
1
1
2
2
2
0
-4
-5
-6
-8
-13
-17
-23
-27
-30
-31
-36
-43
-49
-49
-45
-42
-39
-37
-25
-18
-23
-24
-29
-31
-17
10
39
57
64
70
78
87
92
73
34
12
-24
-47
-63
-72
-47
-19
18
65
108
137
161
177
181
191
218
244
244
261
312
359
359
363
399
442
429
352
319
316
312
307
282
206
97
-38
-178
-231
-275
-431
-592
-668
-697
-724
-739
-754
-762
-679
-554
-431
-326
-302
-351
-431
-472
-461
-398
-308
-252
-172
-96
1
107
112
63
2
49
162
144
125
171
231
295
400
540
599
583
558
620
662
643
507
293
176
117
120
116
44
-98
-259
-211
-114
-136
-235
-403
-475
-476
-493
-524
-563
-548
-456
-481
-603
-660
-648
-596
-628
-712
-752
-682
-580
-486
-413
-459
-470
-420
-330
-159
-56
-2
126
249
280
354
590
875
1039
1055
1045
1002
1008
1038
1021
1060
1090
1122
1136
1116
1048
952
906
806
759
719
531
272
91
-44
-55
13
-52
-172
-263
-237
-232
-254
-345
-630
-855
-851
-720
-584
-466
-434
-437
-354
-286
-341
-413
-433
-412
-451
-542
-608
-582
-474
-350
-198
-46
-49
-209
-302
-417
-555
-513
-326
-90
115
192
101
-22
-9
85
198
381
472
442
426
462
516
560
569
590
638
734
759
688
595
398
269
286
314
312
295
203
64
-154
-429
-625
-649
-568
-600
-706
-746
-755
-797
-770
-739
-754
-754
-737
-728
-744
-803
-913
-893
-718
-553
-443
-232
8
39
63
52
-26
63
179
230
383
519
578
696
784
775
739
688
655
640
626
656
637
569
598
629
717
981
1056
784
407
177
131
162
145
74
69
98
131
119
126
186
183
173
222
168
-40
-225
-207
-65
-32
-190
-377
-348
-239
-221
-340
-594
-789
-907
-919
-887
-907
-989
-1148
-1186
-1048
-874
-839
-890
-943
-945
-779
-578
-541
-631
-593
-390
-107
116
133
108
339
663
760
684
616
752
1030
1195
1111
953
1001
1256
1472
1449
1131
790
768
950
1075
1049
862
528
362
396
287
34
-225
-346
-271
-92
-26
-79
-106
-241
-475
-682
-749
-619
-458
-372
-403
-507
-580
-718
-815
-526
-224
-305
-361
-271
-146
213
234
-537
-1006
-632
-156
-3
-248
-877
-1062
-284
239
-266
-734
-579
-209
237
341
-220
-398
238
663
761
846
803
1014
1588
1803
1545
1470
1376
1210
1306
1276
859
369
194
140
61
-76
-549
-1099
-1233
-1159
-1142
-1249
-1487
-1675
-1647
-1433
-1329
-1306
-1370
-1549
-1475
-1059
-726
-790
-894
-761
-407
124
218
-404
-699
-156
313
261
74
-93
-26
574
1029
626
240
611
1233
1876
2419
2287
1751
1752
2216
2406
2067
1556
1182
1177
1441
1342
580
-316
-689
-681
-630
-868
-1446
-1835
-1818
-1645
-1603
-1802
-2085
-2079
-1671
-1169
-900
-865
-889
-852
-533
8
11
-423
-354
-95
-53
175
252
-111
253
1263
1312
316
-380
29
1173
1828
1162
92
168
1667
3123
2483
515
437
2112
2665
2245
1912
968
744
1938
1701
105
-96
45
-746
-798
-504
-1384
-1978
-1606
-1844
-2035
-1405
-1646
-2412
-1906
-1184
-1231
-1342
-1651
-2069
-1598
-746
-530
-667
-813
-700
-22
821
946
285
-241
46
845
1401
1007
-464
-1233
407
2243
1570
-78
-646
-110
1950
3743
1853
-780
586
2882
2671
2067
1184
-427
264
2035
884
-759
-335
-414
-794
175
-60
-1790
-2008
-1671
-2072
-1529
-1228
-2747
-3395
-2206
-1400
-1201
-1378
-2348
-2062
240
1195
40
-688
-795
-359
952
953
-882
-1437
-132
917
1487
1204
-820
-1882
364
2576
2063
583
-544
-459
2028
3907
1703
-901
72
2115
2824
2750
1373
-270
784
2529
1500
-119
-538
-1230
-1208
54
-165
-1566
-1655
-1377
-1415
-586
-371
-1851
-2375
-1125
-121
292
103
-890
-624
1265
1964
1034
277
268
1090
2089
1446
-505
-1383
-691
409
1164
567
-1574
-2561
-301
2255
2016
213
-1377
-1182
2121
4981
2981
-207
502
2767
3606
3707
2149
-645
-298
1959
1170
-570
-865
-2126
-3109
-1882
-1819
-3584
-4073
-3962
-4291
-3170
-1917
-2973
-3630
-2135
-879
-360
50
-329
-176
1429
2241
1523
903
871
1100
1318
759
-526
-1225
-724
141
876
1130
-69
-1694
-519
2740
3659
2078
398
-465
1444
5251
4862
585
-345
2103
2979
2910
2370
-411
-1448
1073
1180
-1245
-1551
-2124
-4032
-3471
-2498
-3813
-4190
-3790
-4833
-4373
-2106
-1963
-2763
-1752
-848
-541
514
734
105
897
1826
1213
1003
1559
1472
1427
1529
587
-432
-254
290
912
1740
1114
-1322
-1894
1001
3306
2728
1038
-448
355
4548
6739
3439
605
1918
3349
3521
3381
1109
-1260
2
1102
-685
-1413
-1505
-3306
-3634
-2344
-2813
-3348
-3019
-4193
-4662
-2407
-1228
-2315
-2508
-2052
-1565
513
1817
533
123
1352
1709
1765
1836
762
105
660
378
-818
-1118
-575
283
1077
368
-1380
-974
1575
3030
2697
1434
565
2437
5805
5969
3370
2297
3026
3690
4228
3624
1221
-2
786
444
-965
-1591
-2900
-4666
-4546
-3882
-4381
-4614
-4554
-5104
-4598
-2818
-2158
-2486
-1958
-1103
-462
825
1914
1675
1278
1272
961
870
1059
631
-73
-503
-1089
-1950
-2538
-2363
-1336
21
20
-2198
-3408
-655
2800
3374
1858
-378
-431
4054
7801
5572
2171
2514
3963
4680
5291
3488
26
-236
764
-751
-1586
-1527
-4050
-6069
-5094
-4376
-4190
-3718
-5010
-6159
-3930
-1207
-842
-1127
-1247
-1234
277
2284
2642
2453
2637
2313
2449
3290
2912
1693
829
-282
-1276
-1562
-2033
-2347
-1330
61
-117
-2045
-2825
-127
3160
3933
2703
772
1009
5274
8347
5760
2578
2942
3762
3924
4457
2672
-463
-394
239
-1452
-1874
-1901
-4711
-6614
-5892
-5495
-5050
-4659
-6221
-6908
-4443
-1917
-1054
-761
-898
-504
1592
3419
3746
3880
3658
2916
3123
3675
3057
2080
1139
-413
-1741
-2164
-2393
-2149
-846
267
-452
-2487
-2491
991
4065
4010
2252
454
1534
6670
9696
6632
3451
3765
4215
4233
4336
1757
-1660
-2008
-2448
-4499
-4705
-4893
-7404
-8803
-8356
-7795
-6442
-5640
-6804
-6850
-4535
-2359
-1143
-542
-548
366
2645
4035
4314
4598
4191
3264
3171
3079
2374
1943
993
-1082
-2770
-3601
-4006
-3336
-1943
-913
-1188
-3022
-3265
627
4820
5687
4440
2543
2892
7750
11634
9065
5104
4907
5558
5372
5290
2950
-793
-1620
-1811
-3934
-4694
-4638
-6712
-8676
-8995
-8646
-7298
-6097
-6637
-6778
-4857
-2477
-715
348
736
1636
3450
4576
4900
5438
5204
3830
2782
2102
1439
1263
309
-2224
-4473
-5501
-5725
-4854
-3365
-2345
-2214
-3101
-3531
-498
4660
7150
6201
3969
3110
6531
11823
12063
7878
5821
6270
6289
6179
4804
773
-2151
-2775
-4543
-6236
-6019
-7129
-9660
-10504
-10135
-9065
-7105
-6375
-6569
-5041
-2167
349
1946
2594
3184
4498
5682
6178
6442
6270
5282
3884
2472
1244
570
-170
-1789
-3907
-5951
-7493
-7868
-6795
-4780
-2749
-2191
-3451
-3651
413
6441
9543
8843
6326
5761
10048
14851
13847
9415
6672
5272
4256
3780
1557
-2456
-5007
-6961
-9751
-10550
-9851
-10963
-12604
-12925
-12205
-9681
-6647
-5726
-5282
-3031
122
2997
5049
5918
6726
8309
9401
9391
8900
7536
5399
3717
2281
516
-1217
-3297
-5690
-7339
-8505
-9947
-11069
-10482
-7605
-3535
-942
-1503
-2578
650
7681
12945
13591
10745
8345
10618
15402
16082
12223
8259
5195
2764
1746
191
-3449
-6596
-9116
-12458
-13825
-12743
-12675
-13444
-13568
-13364
-11508
-7880
-5105
-3266
-694
2328
5307
8121
9900
10534
10898
10949
10236
9041
7232
4713
2349
476
-1636
-4099
-6731
-9119
-10200
-10393
-11190
-12521
-12692
-9949
-4474
776
2735
1677
2056
7539
14816
18433
17388
13673
11733
14687
17982
16087
10947
5732
720
-2738
-4142
-6309
-9582
-12159
-15157
-17896
-17394
-15169
-13778
-12828
-12350
-11231
-7534
-2676
1388
4741
7412
9561
11799
13699
14762
15133
14174
11648
8954
6534
3724
746
-2234
-5285
-7790
-9810
-12045
-13777
-14153
-13838
-13755
-14051
-13431
-9308
-1686
5540
8476
7043
6590
11947
20074
24537
22533
16014
11594
13231
15700
13326
7438
478
-6406
-10553
-11731
-13386
-15694
-17634
-20765
-22744
-20037
-15570
-12480
-10314
-8908
-6558
-1262
4712
8721
11464
13637
15081
16344
17112
16458
14525
11521
7598
3785
478
-2932
-6370
-9230
-11405
-13168
-15102
-17265
-17997
-15977
-12569
-10315
-10229
-10378
-6985
1350
11300
17346
16665
13152
14198
21359
28247
28599
21677
12494
8495
10218
10387
5376
-2274
-10537
-17174
-19579
-19213
-19067
-19346
-20470
-22455
-21333
-15362
-8253
-3263
-944
393
3812
9765
15644
19091
19498
17824
15757
14314
13100
11358
8235
2878
-3274
-7764
-10579
-12578
-13962
-15390
-16975
-17920
-18118
-17332
-14539
-9959
-5623
-3363
-2912
-1540
3579
12265
20962
25056
22703
18037
17504
22190
26419
24551
16178
5722
-214
-72
157
-4105
-11023
-18233
-23553
-24359
-21585
-18486
-16336
-15489
-15651
-13516
-7192
600
6649
9849
10574
11434
14510
18028
19994
19833
16690
11445
6568
3092
504
-2161
-5953
-11276
-16177
-18178
-17594
-15740
-13939
-13830
-14885
-14790
-11824
-6118
-57
3593
3766
2657
4471
11100
20064
26061
25269
19399
14306
15219
20119
21229
15162
4488
-4863
-7628
-6130
-6685
-10705
-16458
-22062
-24561
-22282
-17389
-12836
-9985
-9996
-10599
-6919
710
7960
12182
12399
10331
10224
12794
14820
14751
12332
7029
892
-3224
-5174
-6082
-7400
-10601
-14875
-17237
-16127
-12817
-9809
-8735
-9086
-9024
-6691
-1440
4383
7242
6473
4711
5778
11716
20012
24807
22444
15355
10580
12604
17000
16919
10808
770
-7026
-7449
-5256
-6487
-9967
-14505
-19473
-21009
-17684
-13219
-9720
-7490
-8184
-8711
-3921
3712
9479
12337
11612
9340
9693
12043
13237
12580
9413
3550
-2046
-5237
-6338
-6132
-6876
-10132
-13467
-14147
-12131
-8586
-5564
-4932
-5758
-5489
-2897
1548
5925
7434
5523
3546
5500
11992
19364
22178
18165
11193
8599
12555
16605
14850
7042
-2742
-7462
-5940
-5103
-7641
-11288
-15885
-19841
-19371
-15252
-11053
-7800
-6958
-8681
-7512
-1097
5842
10041
10628
7962
6318
8076
10349
11006
9424
4719
-1291
-5363
-6975
-7014
-6828
-8464
-11579
-13555
-13148
-10400
-6843
-4928
-4893
-5144
-4157
-1280
2659
5505
5291
3100
2474
5923
12795
18937
19765
14323
8052
8702
14306
16845
13510
4600
-4355
-5864
-3481
-4378
-7311
-10919
-16066
-18876
-16499
-12386
-8335
-4892
-5541
-7504
-4290
2773
9121
12201
10168
6398
6358
9068
11038
10790
7111
1011
-3783
-6173
-6766
-5684
-5498
-8434
-11829
-12442
-10038
-6113
-3403
-3313
-4318
-4267
-2164
1294
4194
4848
3138
1017
1557
6437
13670
18062
15728
8656
4798
8720
14400
15195
9369
-998
-7276
-5399
-3144
-4971
-8149
-12380
-16860
-17339
-13741
-9744
-5540
-3144
-5264
-5698
85
7169
11973
12889
8924
5619
7132
9810
10471
8840
4140
-1949
-6007
-7467
-6605
-4891
-5896
-9679
-12500
-11949
-7969
-3206
-1243
-2504
-4255
-3709
-712
2943
5219
4409
1221
-804
1463
8233
15766
18118
12787
5287
4717
10893
15748
14191
5329
-4566
-6670
-3582
-3267
-5621
-8762
-13489
-17163
-15987
-11920
-7542
-3490
-3438
-5984
-3797
2843
8611
11442
9755
5782
4942
6650
7825
7959
5610
338
-4628
-7188
-7408
-5811
-4843
-6796
-10052
-11334
-9310
-5001
-1301
-487
-1800
-2875
-2233
200
3417
5034
3226
-129
-868
3259
10832
16771
15967
8911
3646
6518
12499
14779
10929
1229
-6213
-5556
-3715
-5028
-7006
-10937
-16124
-17022
-13637
-10003
-6122
-3687
-5039
-4817
516
6510
10331
11185
8393
5876
6589
7998
8159
6896
3129
-1893
-5270
-6686
-6513
-5322
-5559
-8044
-10154
-9913
-7064
-2923
-357
-357
-1617
-2718
-1931
1181
4269
4845
2300
-945
-454
5491
13378
17221
13511
5804
3575
8749
13829
14368
8211
-1839
-5787
-3182
-2352
-3810
-6179
-11116
-15294
-14154
-10205
-6845
-3778
-3423
-5248
-2668
3896
8504
10040
8408
4733
4048
6512
7525
6543
4161
-321
-4294
-5986
-6510
-5735
-4934
-6328
-8525
-9205
-7902
-4819
-1605
-312
-857
-2133
-3052
-2152
671
3220
2948
-524
-3670
-2010
4922
12679
15216
10035
2808
2772
9031
13805
13208
5693
-3534
-5220
-2207
-2213
-4090
-6826
-11944
-15273
-12951
-8918
-5693
-2961
-3550
-4872
-779
5946
9948
10527
7595
4317
5248
8104
8512
6740
3431
-958
-3929
-5012
-5409
-5032
-4881
-6524
-8480
-8626
-6786
-3774
-1206
-466
-1308
-2494
-2663
-1108
1591
3511
2440
-1036
-2814
677
8542
15329
15492
8656
2841
5469
11937
15041
11763
2283
-4974
-4156
-2244
-3742
-5832
-9180
-14095
-15429
-12374
-9277
-5872
-3517
-5136
-4915
1016
7163
9782
8750
4894
2873
5408
8023
7076
4063
228
-3154
-4390
-4630
-5095
-5272
-5653
-7028
-8097
-7469
-5221
-2305
-462
-318
-1133
-2325
-2416
-636
1444
2000
-98
-3385
-3548
1750
10158
15889
13819
6271
3112
7870
13990
16296
11205
853
-3967
-1911
-1304
-2839
-4885
-9592
-14200
-13682
-10603
-7951
-4266
-2979
-4750
-2396
4216
9403
11506
9584
5326
4551
7403
8842
7328
3389
-1604
-4191
-4433
-4857
-5342
-5927
-7417
-8737
-8654
-7264
-4799
-2069
-692
-753
-1579
-2877
-2785
-763
1107
1125
-1681
-5083
-3928
2944
11476
15913
12285
4858
3656
9298
14768
15765
9064
-752
-3707
-1807
-2185
-3805
-6102
-11240
-15293
-13841
-10886
-8382
-4750
-4193
-5362
-1391
4990
8716
9765
7299
3815
4204
6753
7246
5379
1552
-3058
-5091
-4923
-5008
-5010
-5564
-7445
-8277
-7236
-5427
-2737
136
1637
1723
785
-748
-1041
819
2556
1599
-2149
-5457
-3588
3814
12273
16349
12394
5479
5326
10768
15595
16075
8708
-777
-3581
-2651
-3455
-4957
-7509
-12840
-16479
-14875
-12353
-9434
-5564
-5246
-5064
-99
5444
8802
9796
6925
4147
5430
7240
6614
4413
452
-3926
-5714
-5828
-5928
-5711
-5940
-7106
-7704
-6729
-4402
-1448
733
1457
1095
-286
-1595
-1058
896
2062
972
-2470
-5458
-3095
4807
13236
16916
12552
5748
6028
11470
16330
16616
8713
-537
-3014
-2846
-4386
-5691
-7756
-12665
-15631
-13980
-12142
-8772
-3864
-2872
-2012
2916
7690
10691
11605
8908
6653
7668
8305
6693
4136
130
-4116
-6168
-7006
-7343
-6711
-6715
-8262
-9425
-8689
-5842
-2035
419
895
45
-1942
-3310
-2402
-572
125
-989
-4175
-7054
-4488
3337
11466
15740
12355
5799
5765
10635
15409
16440
9204
153
-2526
-2830
-4835
-6223
-7822
-12205
-14901
-13407
-12508
-9939
-4546
-2572
-1549
2800
7202
9877
10681
8556
6458
7162
7987
6506
3578
-560
-4424
-6229
-7334
-7677
-6765
-6525
-7413
-8026
-7212
-4375
-553
1975
2347
1412
-336
-1757
-1340
72
898
298
-2619
-5854
-4626
1632
9850
16100
14406
7214
5374
9625
14900
17455
11425
1093
-3359
-3645
-5619
-7708
-9010
-12644
-15369
-13866
-12946
-11075
-5366
-2118
-1105
2735
7151
9719
10724
9244
7195
7777
8657
6577
3031
-882
-4394
-5995
-7004
-7667
-6812
-5920
-6448
-7293
-6707
-3980
-108
2869
3620
2528
711
-582
-578
-2
271
-305
-2624
-5514
-5279
-576
7446
15388
15964
8996
5378
8490
13508
16990
12741
2326
-3200
-3348
-5380
-8279
-9037
-11141
-14224
-13851
-13347
-12700
-7146
-2395
-1402
1547
6075
8834
9743
8539
6901
7581
8587
6642
3086
-483
-3697
-5180
-6394
-7906
-7459
-6292
-6788
-7739
-7145
-4710
-1189
1910
2609
1227
-125
-1059
-1665
-1691
-1438
-1729
-3416
-5920
-6824
-3705
4165
13300
16327
10771
5665
7594
12828
17266
15270
5748
-1483
-2723
-4658
-8180
-8975
-9611
-12667
-13356
-12448
-12454
-8127
-2146
-259
2328
7152
9490
9416
9053
8808
9325
9915
7948
3819
491
-1713
-3485
-5314
-7233
-7372
-5982
-5940
-7079
-7241
-5625
-2354
1310
2749
1378
-173
-965
-2100
-2741
-2004
-1486
-2334
-4522
-7030
-6491
-145
10076
17186
15178
8535
7163
11022
15574
17531
11561
1870
-2329
-4108
-8296
-10037
-8743
-10883
-14169
-13605
-13394
-11981
-5625
-1460
25
4491
8031
7666
7323
7930
8401
9166
8504
4612
783
-1229
-3205
-5066
-7165
-8481
-7064
-5808
-6883
-7726
-6563
-3579
378
2908
2151
854
770
-705
-2851
-3051
-1988
-1097
-1862
-4977
-6937
-2895
6843
16350
18954
13153
7543
8804
12953
16504
15317
6738
-1250
-4154
-7168
-10029
-8761
-8117
-11828
-13012
-11559
-11705
-7909
-2014
-41
3040
7601
7891
6489
6857
7419
8437
9595
7294
2539
-537
-2686
-4823
-6567
-8242
-8246
-7121
-7618
-8749
-8268
-5827
-2540
-274
-34
-508
-241
-1205
-3672
-4584
-3653
-2121
-1402
-3508
-6457
-5402
1012
10168
17191
17071
11287
8501
10514
13299
15791
12614
3426
-2975
-6054
-9222
-9395
-7181
-8531
-11540
-10747
-10078
-9604
-4577
-219
2088
6434
8623
7143
6707
7286
7970
9158
8788
5599
2145
-322
-2999
-5074
-6061
-6498
-6098
-6088
-7202
-7580
-6389
-4222
-2024
-542
269
586
-265
-2393
-3975
-3965
-2291
-102
-418
-3317
-5164
-3293
3219
12439
18378
16017
9410
6822
7979
10859
13284
8329
-1162
-6492
-8867
-10708
-9554
-7651
-9414
-11064
-9943
-10406
-9478
-3981
280
3377
7342
8159
6705
6843
7845
8624
9452
8825
5637
1903
-1255
-3873
-5343
-5730
-5791
-5714
-6124
-7034
-7224
-6313
-4399
-1845
183
825
534
-953
-3395
-4703
-3415
-643
976
-392
-3650
-5232
-2312
5307
14381
19005
15167
8804
6664
7493
10681
12340
5819
-2992
-6607
-8924
-10733
-8731
-6804
-8490
-8955
-8313
-10040
-8309
-2374
1074
4112
7650
6992
5142
5391
6121
7368
8764
7785
4149
684
-1604
-3327
-4116
-4518
-4860
-4847
-5317
-6261
-6974
-6926
-5075
-2285
-454
74
-631
-2804
-4968
-4890
-2613
284
1605
-490
-3987
-4958
-1677
6663
15743
18415
13255
6668
4398
6224
10715
11483
4446
-2779
-6105
-9221
-10089
-7313
-5698
-6620
-6937
-7743
-9479
-6526
-1150
1714
4881
7020
5180
3476
3737
4772
6615
8057
6844
3359
254
-2020
-3399
-3898
-4253
-4437
-4426
-5129
-6561
-7796
-7519
-5081
-1826
250
100
-1155
-2927
-4240
-3424
-741
2050
2700
968
-1551
-2559
801
8935
16981
18954
13531
6369
3649
5384
9849
11234
5064
-1714
-5079
-8335
-9480
-6833
-4931
-5682
-6231
-7262
-9468
-7837
-2970
614
3933
5664
3893
2618
2919
3650
5995
7994
6946
4066
916
-2021
-3513
-3725
-4166
-4077
-3415
-4409
-6845
-8784
-8688
-6068
-2949
-1480
-1753
-3003
-4411
-4814
-3665
-1692
522
2002
1093
-1551
-3191
-1219
5650
14113
17794
13826
6406
2326
3236
7643
10588
6701
413
-3582
-7067
-8669
-6358
-3326
-2819
-3614
-5448
-8760
-8362
-3538
346
2979
5045
4588
2982
2299
2624
4521
7335
8617
6624
2673
-370
-1652
-2154
-2045
-1616
-1971
-3829
-6769
-9041
-9295
-7352
-4529
-2914
-2714
-3227
-3812
-3942
-3686
-2375
297
2845
3238
1114
-1427
-1512
2602
9716
15403
14833
8167
2389
1317
3773
8651
9427
3589
-1800
-5147
-8169
-7782
-3944
-1762
-2925
-4875
-7939
-10081
-7113
-2630
143
2824
4259
3468
2269
1670
2957
6521
9468
8973
5886
2378
-237
-1112
-550
-356
-1375
-2867
-4958
-7949
-9869
-8950
-6372
-4092
-2829
-2501
-3127
-3800
-3740
-2854
-620
2477
4427
3479
278
-2051
-896
4109
11155
15493
12665
5508
1361
1968
6144
10735
9201
3203
-1135
-4461
-6520
-4629
-1665
-1910
-3914
-6129
-10038
-11267
-7065
-3095
-201
2992
3296
1169
137
1117
3718
7084
9227
8247
4687
885
-1292
-1510
-1331
-1359
-1580
-3909
-7878
-10205
-10232
-8728
-5809
-3319
-3039
-3698
-4121
-4168
-3494
-1684
1347
4077
4547
2642
-243
-1945
-500
4881
11575
13867
9927
4330
1429
2552
7523
11003
7882
2549
-551
-3737
-6214
-4974
-2635
-2579
-3797
-6228
-10480
-11360
-7251
-3078
303
2849
2582
1042
380
1129
3831
7558
10158
9578
5715
1374
-1055
-1411
-331
139
-1868
-5033
-7706
-9868
-10329
-8045
-5035
-3596
-2976
-3033
-4400
-4479
-2608
-778
1500
3909
4314
2775
549
-532
1130
5938
12306
15366
12031
6419
4120
5088
7995
10306
8286
4221
610
-3999
-7620
-7125
-4638
-3606
-4106
-6627
-10645
-11018
-7386
-4285
-915
2753
3328
1795
759
918
3240
7780
11195
10098
5892
2402
357
-1067
-1329
-1113
-2169
-4052
-6110
-8598
-10177
-9580
-7418
-5263
-4010
-3770
-4117
-4212
-3976
-2886
-168
2770
4183
3949
1794
-775
-379
3821
9762
13819
12990
8586
4107
1840
3930
7827
7762
4823
1694
-3415
-8783
-9382
-6450
-4638
-3819
-4294
-8380
-11419
-9320
-6081
-2513
2211
4437
3428
1543
345
1479
5117
9163
10546
8092
3779
134
-1673
-2324
-2368
-1587
-1249
-3053
-6561
-9780
-10460
-8262
-5095
-2503
-1408
-2189
-3909
-5091
-4809
-2325
1994
5400
5725
3541
828
28
2417
7874
14260
16780
13114
7459
3579
2721
5905
9279
8380
4490
-469
-6071
-9451
-8370
-5154
-2825
-2524
-5350
-9302
-10422
-9259
-6141
-530
3508
3970
2441
-428
-1741
1155
5904
8784
8320
5407
1876
-1374
-3656
-3719
-1631
241
-260
-3258
-7577
-10664
-9908
-6514
-3410
-1288
-833
-2844
-5631
-6642
-4538
-128
4227
6566
5745
2581
53
536
4165
10010
15484
16106
10956
4778
1676
3188
7351
8947
6986
3498
-1699
-7353
-9485
-7591
-4693
-2315
-2031
-5935
-10598
-11022
-8546
-4781
151
3655
3785
1445
-1123
-2019
154
5059
9100
8722
5206
1392
-1742
-3377
-2688
-254
1433
538
-2985
-7826
-10863
-9867
-6374
-3082
-1489
-2590
-5457
-7414
-7321
-5009
-486
4241
6227
4824
2127
198
499
4579
10796
14775
14186
9748
4056
750
2421
6437
7483
5686
2792
-2345
-7602
-9156
-7547
-4753
-1941
-1811
-5608
-9654
-10666
-8989
-4895
452
4003
4168
1510
-1516
-2029
835
5825
9800
10101
7386
3427
-254
-1480
76
2335
3753
2743
-1572
-6611
-9121
-8895
-6914
-3590
-1108
-1873
-4645
-7126
-7750
-5220
-689
3320
5022
4155
2175
392
107
3148
9085
14067
14309
10097
4940
2081
3008
5960
7285
6516
4561
229
-5428
-8463
-7513
-4351
-1751
-2154
-5687
-9496
-10785
-9715
-7154
-3520
-296
970
-165
-2736
-4026
-2058
2343
6434
7775
6741
4671
2146
599
867
2257
3834
3816
786
-3942
-7329
-7991
-6823
-4699
-2763
-2470
-3736
-5617
-7094
-6558
-3470
639
3244
3129
1856
856
320
1203
4310
8501
11591
11633
8510
5142
4502
6478
8656
9117
7645
5056
1745
-1947
-4270
-3952
-2332
-1499
-2264
-5020
-8342
-9981
-9619
-7629
-4743
-2150
-1049
-1884
-3442
-3775
-1788
2198
5791
7136
6577
4749
2707
1279
778
1551
2306
1585
-529
-3673
-6820
-8488
-8064
-5890
-3858
-3519
-4440
-5845
-6883
-6615
-4589
-1410
1407
2658
2152
699
-79
1123
4038
7303
9896
10958
9775
7301
5745
6125
7602
8619
8075
5983
2813
-812
-3627
-4690
-4502
-3781
-3768
-5781
-8995
-11088
-10981
-9249
-6319
-3235
-1664
-1481
-1672
-1945
-1172
1694
5457
8033
8538
7331
5187
3441
3110
3835
4755
4950
3291
40
-2961
-4512
-4684
-3849
-2619
-2284
-3442
-5385
-7149
-7641
-6075
-3534
-1705
-852
-1075
-2045
-2346
-1135
1493
5061
8372
9870
9110
7390
6541
7075
8187
9055
8960
7189
3909
480
-1861
-2713
-2348
-1951
-2993
-5416
-7824
-9360
-9704
-8721
-6580
-4463
-3761
-3870
-3808
-3636
-2738
-465
2198
3962
4737
4801
4037
3244
3394
4026
4576
4878
4320
2819
864
-1036
-2105
-2215
-1892
-2077
-3478
-5370
-6651
-7036
-6626
-5811
-4911
-3910
-3214
-2984
-2622
-1479
630
3069
5306
7080
7768
7708
7710
7496
7205
7459
7865
7347
5612
3548
1686
213
-663
-1381
-2385
-3597
-4975
-6301
-7227
-7362
-6635
-5921
-5444
-5065
-5154
-5190
-4576
-3333
-1613
18
1294
2062
2186
2393
3343
4310
4616
5035
5521
4853
3373
2062
854
55
-159
-640
-1778
-3218
-4597
-5739
-6312
-5973
-4690
-3197
-2819
-3412
-3328
-2080
-101
2375
4638
5794
5590
4958
4878
5399
6375
7417
7556
6386
4904
3767
2709
2039
1847
1464
684
-359
-1733
-3180
-3937
-3889
-3739
-3838
-4198
-4767
-5467
-5982
-5530
-4061
-2563
-1381
-565
-333
-182
279
1222
2607
3754
4192
3627
2066
566
137
456
576
33
-1052
-2479
-3839
-4510
-4317
-3567
-2699
-2285
-2608
-3266
-3293
-2041
-154
1504
2767
3425
3613
3775
3927
4324
5345
6546
6933
6358
5359
4247
3375
2995
3087
3199
2652
1433
20
-1442
-2639
-2868
-2487
-2875
-4020
-4912
-5609
-6228
-6107
-4972
-3524
-2540
-1930
-1393
-926
-419
360
1203
1879
2376
2267
1518
758
161
-202
-266
-543
-1018
-1266
-1725
-2526
-2834
-2572
-2329
-2012
-1743
-1955
-2083
-1708
-1338
-773
258
1057
1475
1728
1768
1755
2029
2752
3752
4382
4466
4387
3920
3227
2800
2797
3039
2918
2324
1417
176
-1070
-1877
-2172
-2228
-2249
-2414
-3081
-3776
-3653
-3025
-2280
-1420
-953
-1127
-1102
-540
-151
81
450
688
605
251
-53
-122
-113
-69
-129
-239
-235
-409
-707
-1083
-1444
-1282
-865
-723
-853
-905
-780
-817
-567
329
1074
1286
1129
912
1037
1752
2914
3616
3810
3861
3474
3088
3432
4194
4482
4075
3143
1899
935
420
60
-18
-183
-762
-1291
-1815
-2276
-2246
-1925
-1765
-1901
-2215
-2137
-1940
-1907
-1583
-1503
-1676
-1663
-1611
-1494
-1498
-1474
-1077
-562
27
167
-268
-778
-1107
-996
-902
-920
-928
-1134
-1472
-1730
-1722
-1486
-1271
-1105
-1098
-1197
-1041
-437
495
1234
1839
2158
1935
1971
2256
2243
2243
2423
2435
2178
1873
1693
1426
1192
1375
1495
1380
1302
1012
620
309
89
103
114
-65
-447
-997
-1384
-1592
-1706
-1483
-981
-734
-877
-905
-559
-212
-164
-270
-468
-584
-646
-874
-1108
-1270
-1414
-1675
-1870
-1850
-1850
-1931
-2121
-2301
-2166
-1589
-1026
-678
-412
-273
122
710
847
1432
2114
2205
2149
1396
1142
1424
1493
1953
1856
1533
1664
1490
1260
1248
1481
1751
1946
1961
1570
1112
637
442
363
271
262
135
-105
-677
-968
-484
313
1209
1600
1518
1341
1205
1125
1036
1158
903
364
-311
-1360
-1875
-1734
-1652
-1913
-2410
-2676
-2913
-3116
-2939
-2634
-2259
-1870
-1706
-1715
-2074
-1996
-1313
-1011
-907
-764
-511
-248
-67
66
344
1013
1521
1643
1431
1065
1182
1557
1695
2021
2258
1730
1280
711
57
-36
168
498
463
215
3
-271
-104
369
535
902
1343
1388
1367
1338
1463
1729
1610
1139
601
199
-205
-868
-1242
-1394
-1553
-1716
-1889
-1966
-1885
-1671
-1626
-1669
-1783
-1650
-1189
-1091
-948
-896
-1065
-939
-907
-859
-629
-99
545
785
889
1146
1602
2070
2276
2611
2809
2557
2279
1623
897
519
166
-205
-525
-875
-1105
-1174
-1473
-1519
-1541
-1574
-1264
-1053
-933
-798
-551
-120
-35
-125
133
118
58
234
291
205
275
284
73
-108
-186
116
359
389
307
53
-63
-146
-392
-522
-611
-861
-1102
-1267
-1261
-1120
-735
-260
-15
384
775
802
924
1263
1762
2275
2590
2735
2490
2286
1987
1462
1227
968
880
769
412
75
-276
-435
-447
-441
-531
-740
-642
-616
-821
-779
-709
-523
-499
-675
-726
-570
-229
-140
-247
-313
-174
50
190
421
509
619
624
507
210
-92
-191
-426
-693
-1045
-1370
-1565
-1672
-1751
-1565
-1336
-1160
-838
-947
-791
-465
-251
220
327
610
917
866
921
838
846
1074
762
650
588
410
408
235
172
-66
-404
-464
-319
-260
-134
-100
-128
-191
-540
-595
-411
-184
97
-21
-106
69
219
345
439
447
649
839
701
730
767
706
999
970
718
673
265
-62
-350
-1015
-1107
-1161
-1155
-1217
-1612
-1633
-1585
-1493
-1413
-1379
-1052
-675
-566
-691
-547
-118
99
336
289
130
465
609
871
1401
1517
1482
1351
1155
1259
1084
949
922
670
646
386
143
66
-219
-109
-89
-229
-117
-315
-448
-233
-125
142
293
265
264
83
104
261
561
1095
1058
846
723
287
369
375
349
457
38
27
-239
-644
-856
-1116
-866
-1006
-1275
-1339
-1143
-741
-540
-531
-472
-323
-206
-75
-159
-4
409
466
358
426
446
529
462
190
214
424
339
473
310
15
86
-119
-423
-679
-823
-593
-705
-882
-909
-960
-716
-668
-490
-265
93
345
425
466
857
1250
1389
1571
1551
1561
1428
1132
970
884
800
451
-94
-346
-574
-864
-827
-801
-787
-681
-867
-936
-826
-917
-931
-990
-811
-601
-613
-362
-353
-326
-288
-337
-98
117
337
591
546
241
187
253
265
331
-120
-266
-476
-768
-783
-1102
-838
-620
-827
-735
-880
-510
65
178
617
785
1055
1061
1032
1165
1073
1195
867
870
801
367
500
149
42
-31
-449
-327
-517
-770
-863
-1173
-1262
-1088
-1101
-1208
-1060
-1007
-1149
-890
-685
-362
120
58
357
400
609
1247
1272
1691
1829
1600
1817
1619
1538
1525
1158
1201
1067
844
623
288
192
190
71
104
341
-34
-164
-324
-481
-170
-426
-145
201
166
302
10
96
232
412
506
233
298
99
-152
-125
-208
-141
-32
-74
-182
-311
-275
-262
-175
-127
-170
-189
-231
-96
-178
-157
93
8
35
34
-51
-31
-407
-740
-659
-641
-501
-906
-1375
-1166
-1412
-1457
-1498
-1880
-1819
-1924
-2105
-1693
-1519
-1368
-844
-672
-500
-510
-456
-234
-59
195
419
325
359
176
-49
266
163
344
553
514
699
621
556
802
961
1265
1319
1228
1481
1182
1155
1288
1060
1268
1145
950
1061
966
855
991
1090
1381
1233
963
751
357
642
450
265
227
-187
-371
-757
-1222
-1352
-1340
-1341
-1129
-1175
-1272
-1104
-1140
-814
-526
-284
-186
-270
-280
-330
-371
-187
-41
-71
-126
-362
-345
-242
-184
64
174
124
118
283
501
501
547
485
560
560
394
373
206
332
389
510
701
634
960
1021
894
1045
1027
1087
979
665
438
126
-39
-83
-13
-105
-447
-815
-836
-839
-739
-700
-838
-829
-1014
-1083
-907
-739
-466
-430
-202
-118
-259
-198
-410
-210
39
114
178
-94
-278
-489
-692
-766
-823
-655
-676
-758
-849
-1031
-795
-716
-479
-334
-371
-375
-390
-148
-70
50
209
311
438
579
815
1069
1225
1305
1373
1359
1323
1174
962
1038
958
876
663
161
-66
-13
-95
-98
-186
-358
-389
-464
-675
-672
-437
-395
-19
119
166
246
175
432
660
885
951
642
709
406
153
184
-34
104
-8
-300
-406
-853
-1094
-1188
-1300
-1235
-1454
-1790
-1806
-1656
-1350
-948
-938
-765
-435
-348
-36
68
72
426
511
877
1071
990
1190
1097
1155
1132
1031
986
691
621
506
324
195
-19
-156
-240
-180
-133
24
285
261
403
336
310
248
340
533
522
678
289
196
229
-93
65
-104
-172
-53
-292
-319
-514
-756
-510
-498
-683
-642
-727
-777
-787
-795
-693
-674
-590
-459
-181
40
287
516
755
927
901
1098
1235
1318
1172
1181
1213
873
936
704
568
709
378
327
124
-27
-63
-382
-408
-540
-616
-545
-776
-836
-1034
-976
-751
-438
-414
-624
-679
-1104
-1159
-1124
-971
-574
-631
-593
-629
-771
-564
-404
-312
-127
-86
-155
-285
-282
-445
-351
-210
-114
-90
-177
-32
144
405
447
812
1085
1150
1189
1039
1000
1118
1052
973
811
507
277
-9
-242
-100
-125
-153
-299
-404
-637
-676
-561
-511
-92
-46
-29
-137
-93
-114
-221
12
122
70
64
35
159
414
635
746
626
730
604
424
468
556
593
662
586
297
17
-74
-236
-421
-336
-488
-619
-634
-961
-1069
-960
-727
-250
-78
-38
-2
-177
-123
-5
47
375
375
327
218
67
73
240
395
271
345
124
-41
99
-1
239
446
298
226
176
84
107
67
25
-51
-109
-216
-418
-444
-378
-224
45
390
393
375
444
312
422
327
224
370
176
-31
-488
-827
-613
-732
-636
-300
-580
-582
-702
-721
-202
-2
138
43
-15
139
115
104
252
186
99
186
-44
-56
-51
-194
52
-26
-150
12
-243
-63
-139
-388
-116
-371
-426
-230
-555
-549
-504
-604
-311
-288
-104
-146
-124
90
367
768
1033
1100
1023
896
901
732
792
770
440
397
170
-145
-481
-489
-438
-504
-417
-416
-414
-435
-318
-163
-61
330
181
205
257
19
143
-35
45
68
-19
124
-181
-157
-175
-183
63
249
101
-186
-130
-189
-70
23
79
-60
-60
-92
-352
-272
-127
-186
-205
-35
-35
60
334
505
630
632
764
667
559
600
299
218
127
-94
-261
-508
-514
-649
-586
-417
-243
-160
-104
-234
-231
-90
-150
64
97
10
-39
-173
-57
-105
133
553
453
506
489
378
567
708
696
683
524
235
135
-138
-143
-180
-298
-107
-480
-449
-418
-529
-453
-609
-409
-369
-293
35
-157
-95
164
185
413
388
347
275
6
-102
-266
-463
-404
-589
-705
-722
-755
-638
-593
-622
-582
-604
-554
-484
-446
-203
-192
-140
-24
-78
61
307
379
596
667
794
923
962
978
889
954
877
849
731
533
393
125
4
-85
-204
-356
-320
-467
-641
-340
-438
-302
-164
-223
-6
-142
99
214
22
170
185
88
258
165
106
185
70
105
45
-5
56
-28
-59
-46
-224
-389
-239
-296
-322
-146
-248
-270
-325
-272
-291
-362
-221
-214
-111
75
185
236
109
-63
-100
-175
-222
-254
-277
-330
-356
-268
-314
-269
-245
-114
60
178
315
345
568
611
768
793
867
996
802
897
707
623
653
536
640
439
295
286
80
150
113
-23
59
-85
-212
-253
-370
-341
-410
-354
-375
-511
-572
-641
-718
-596
-692
-610
-518
-461
-261
-248
-114
8
-46
143
133
11
1
-145
-176
-51
7
-219
-286
-409
-510
-432
-375
-143
-80
137
118
164
290
254
353
395
454
326
310
335
252
315
320
305
552
349
274
237
-144
-34
-40
-110
-33
-234
-177
-279
-302
-185
-276
-255
-244
-238
-226
-167
-218
-138
-105
-163
-108
-282
-349
-353
-406
-361
-205
-318
-365
-470
-372
-288
-306
-115
-258
-61
-48
-100
-8
-19
139
279
327
436
403
523
606
583
713
645
841
916
840
1003
889
932
1070
920
1095
1091
902
953
669
596
346
85
70
-290
-223
-453
-737
-667
-1106
-866
-879
-812
-667
-921
-781
-777
-728
-572
-510
-512
-440
-430
-345
-249
-259
-175
-217
-257
-94
-139
-226
-110
-432
-209
-303
-431
-144
-409
-129
-160
-265
69
-88
151
216
33
231
113
315
360
273
583
440
594
491
352
621
396
520
533
317
376
175
232
223
144
209
253
358
355
390
281
198
155
222
292
118
201
122
45
93
-32
34
-78
-144
-275
-332
-404
-399
-421
-502
-504
-567
-601
-594
-780
-744
-748
-874
-739
-879
-660
-547
-502
-388
-344
-223
-333
-213
-58
141
331
390
512
468
525
596
552
562
486
320
503
418
448
424
164
287
181
211
208
95
94
26
33
-23
-25
69
-33
-13
-185
-239
-93
-106
17
2
41
109
57
256
368
458
578
318
361
217
83
243
-115
40
30
-145
-2
-146
-228
-93
-261
-146
-240
-368
-313
-446
-335
-414
-296
-287
-327
-348
-435
-442
-254
-197
-29
145
202
397
410
468
482
560
592
581
512
419
417
383
340
316
172
133
80
-56
-13
-117
-86
-70
-189
-112
-193
-150
-154
-193
-84
-170
-253
-314
-473
-365
-504
-456
-463
-466
-315
-329
-117
-223
-90
-74
-77
79
-85
91
-23
18
197
44
265
75
14
37
-105
26
91
10
164
84
68
108
3
74
-52
-110
-66
-128
-181
2
-130
-84
39
-171
59
-78
23
63
-22
221
80
287
307
224
363
249
332
277
215
178
86
153
142
178
257
362
276
342
274
150
181
80
111
-79
-216
-246
-362
-319
-272
-472
-399
-493
-561
-430
-521
-503
-413
-291
-276
-127
-205
-124
-61
-169
-22
-98
-75
2
-205
-1
-87
64
145
202
359
243
332
197
183
215
101
227
4
2
-3
-105
154
-71
172
138
26
271
112
340
488
421
563
488
517
545
515
560
606
621
545
547
271
212
26
-127
-116
-279
-188
-336
-445
-399
-613
-506
-467
-534
-297
-385
-337
-372
-553
-419
-367
-296
-194
-280
-317
-257
-225
-107
-31
4
10
0
72
46
115
104
145
37
49
-22
12
-7
-152
-58
-245
-57
42
2
110
-8
13
68
-8
49
12
77
8
38
113
68
235
140
154
249
69
124
158
30
107
19
-7
39
-17
10
40
-132
-105
-186
-162
-70
-231
-89
-330
-224
-134
-212
23
-75
-87
136
-73
115
137
16
182
26
21
107
-44
105
18
-33
134
-169
20
-91
-140
113
-32
151
214
170
262
151
106
149
47
186
177
168
210
47
153
100
164
211
134
137
39
16
-35
73
-7
-15
-23
-108
-184
-241
-252
-264
-269
-312
-287
-275
-190
-257
-111
-85
47
182
181
316
309
321
330
307
294
258
211
195
214
207
223
162
117
140
53
-34
-132
-172
-169
-159
-251
-308
-291
-375
-247
-363
-354
-262
-401
-74
-264
-89
-11
-134
194
86
295
230
248
369
321
505
288
371
290
132
317
-78
132
-97
-129
16
-363
-72
-415
-345
-356
-608
-364
-575
-459
-550
-627
-587
-620
-388
-553
-288
-383
-308
-56
-85
217
181
290
300
300
429
325
436
294
341
339
153
482
147
427
354
166
343
-77
137
-86
-78
19
-106
60
34
87
157
193
267
287
301
173
169
147
196
250
196
238
94
54
75
31
-24
-80
-212
-222
-238
-241
-133
-188
-129
-225
-249
-398
-354
-393
-328
-193
-294
-86
-141
-183
-47
-276
-138
-134
-241
47
-185
-25
15
-158
172
-60
100
237
33
419
220
383
553
347
621
390
406
496
171
388
249
199
325
138
323
178
286
265
221
297
-34
6
-177
-199
-93
-258
-153
-288
-353
-238
-430
-133
-274
-229
-112
-339
-54
-235
-157
-26
-221
39
-155
-99
-63
-174
-20
-62
1
84
20
-23
-31
-95
-89
-68
-275
-184
-306
-342
-322
-578
-346
-490
-385
-353
-398
-248
-293
-180
-151
-95
-138
-109
-14
17
185
196
219
297
229
452
393
428
443
303
516
442
437
516
386
586
585
473
596
321
374
203
79
165
-38
113
-24
-96
15
-208
-108
-252
-308
-190
-315
-181
-289
-317
-214
-365
-224
-338
-375
-250
-421
-236
-333
-366
-147
-427
-146
-246
-284
-43
-224
50
-12
42
157
40
167
79
141
268
219
422
212
396
311
285
496
262
406
237
268
318
263
303
261
196
153
149
112
175
123
15
88
-22
-23
100
-181
-13
-201
-195
-107
-347
-4
-307
-260
-228
-446
-191
-344
-346
-256
-355
-66
-260
-88
-135
-215
7
-297
170
-44
153
274
135
317
136
217
217
173
223
124
213
211
187
237
76
146
-28
127
57
55
153
-70
50
-75
-230
-123
-448
-252
-279
-319
-148
-302
-193
-110
-164
-17
-98
-105
-27
-125
-33
-82
-83
-38
-37
-31
74
-45
90
91
-34
148
-55
-4
44
-125
-44
-86
-127
33
-141
-41
-89
-200
-37
-151
-97
63
-126
77
20
-134
137
-146
-11
17
-126
69
-19
98
195
83
206
-15
61
22
-8
66
13
59
120
70
167
226
251
388
339
421
409
434
460
428
387
373
300
226
145
51
131
-24
30
-76
-234
-169
-307
-265
-167
-421
-159
-316
-344
-96
-435
-135
-198
-259
41
-228
-19
27
-57
185
3
-6
37
-113
-7
40
-105
38
-126
-124
-62
-102
-37
-8
-46
-3
-55
-38
-53
-81
-61
-51
-64
45
51
-14
115
-75
63
30
64
102
97
173
36
84
84
21
131
-28
34
54
47
138
58
139
97
3
162
59
42
-11
-60
-16
-137
-3
-137
-26
11
3
-12
0
4
-30
81
29
-89
-4
-237
-56
-29
-134
126
-118
122
-43
-75
1
-173
-52
-51
-109
142
-3
53
-21
-248
-79
-326
-78
-257
-150
-153
-260
-33
-186
-98
-59
-295
-146
-235
-174
54
-111
31
16
40
270
96
234
197
134
303
166
308
232
214
290
233
364
281
280
281
181
243
116
173
60
53
111
-5
71
11
23
57
-52
-98
-181
-117
-187
-108
-203
-148
-87
-147
74
-113
-18
-74
-258
-10
-381
-88
-165
-279
-48
-338
-110
-133
-91
70
-107
40
-135
-130
17
-192
188
10
106
168
-85
233
7
124
269
-27
304
103
163
211
61
161
111
166
205
266
274
232
204
184
119
39
-1
-84
-73
-102
-124
-19
-67
-7
-118
-87
-204
-148
-121
-134
-134
-84
-128
-54
-15
-66
142
39
198
156
90
178
88
65
68
-25
-60
-48
-74
-38
54
-56
19
-135
-122
-125
-198
-106
-251
-120
-137
-150
-123
-144
-176
-105
-284
-226
-241
-277
-125
-217
-143
-95
-130
-132
-123
-197
-95
-71
-133
66
-70
118
96
65
168
50
134
134
182
179
202
156
198
210
70
170
55
202
215
182
227
152
179
140
142
70
108
52
45
145
5
127
-31
-13
60
-74
114
-100
-50
-81
-129
79
23
78
61
-57
56
-20
41
-7
-13
-37
-83
46
-53
60
24
45
91
-30
31
-99
-9
2
14
123
45
185
41
20
58
-50
84
-109
-32
-121
-118
-128
-270
-216
-343
-272
-261
-275
-148
-220
-83
3
-102
176
-87
197
91
28
150
-26
147
88
128
149
60
15
71
-52
142
-11
108
184
-1
292
45
237
297
-5
205
-132
29
91
-40
218
-45
110
74
-68
70
-197
-17
-82
-118
9
-123
-45
-81
-74
-38
-88
-202
-139
-278
-184
-126
-242
88
-62
107
128
-46
57
-25
45
107
1
119
-35
121
44
45
166
-90
98
-238
-118
-164
-230
-115
-302
-199
-275
-218
-295
-293
-318
-427
-291
-404
-230
-180
-120
-20
-11
38
58
146
114
120
131
-22
77
-113
-62
-2
-104
96
30
111
254
186
367
384
320
522
349
558
524
424
538
260
444
322
383
339
325
303
258
343
138
240
13
30
-30
-205
-156
-341
-251
-267
-264
-233
-177
-148
-39
-54
-91
-117
-232
-215
-257
-231
-194
-121
-96
-22
-61
-67
-89
-160
-132
-168
-27
-128
80
-84
51
81
-31
213
-115
165
22
143
152
51
260
90
345
192
171
201
-50
133
-73
-71
-60
-222
-100
-190
-189
-179
-134
-123
-34
-58
-13
-99
-132
-135
-241
-130
-320
-206
-314
-254
-188
-262
-56
-212
-171
-168
-289
-81
-155
-46
-2
-109
28
-84
18
39
-116
59
-132
58
96
-4
235
-39
164
120
-24
276
-42
297
169
177
387
95
384
140
222
254
128
291
152
122
178
41
150
52
-9
37
-69
79
-43
18
58
96
114
56
36
-32
24
-31
-37
-39
-56
34
60
76
114
84
142
167
85
101
61
-39
-37
29
-23
67
-54
-79
-30
-112
-41
-216
-197
-163
-291
-209
-329
-277
-338
-296
-262
-279
-275
-195
-328
-234
-257
-175
-61
-113
71
-3
146
173
155
215
202
177
163
169
161
211
223
182
303
195
407
263
309
382
164
440
193
302
241
177
293
69
220
4
77
35
-190
38
-240
-67
-220
-224
-211
-223
-108
-217
-116
-141
-20
55
-65
68
-125
-97
-125
-347
-169
-349
-210
-210
-351
-137
-372
-135
-174
-133
16
-112
76
-101
68
25
5
92
3
88
42
26
-9
-17
-122
-9
23
-12
166
-95
-40
-36
-181
-103
-199
-157
-158
-111
-84
-123
-56
-108
-33
5
-4
131
51
176
111
37
56
-32
24
148
63
159
136
20
185
100
17
291
-115
242
81
-26
411
-21
432
68
65
190
-182
213
-132
121
109
-129
196
-29
187
284
-22
151
83
-108
231
-81
134
95
-48
177
-73
134
119
-32
234
-72
97
112
-48
179
-147
22
-108
-150
93
-94
161
20
-28
127
-7
179
-46
-40
-81
-109
49
-121
51
-82
-17
-62
-144
-56
-203
-69
-240
-251
-235
-329
-200
-227
-172
-203
-249
-209
-266
-129
-193
-13
-125
-55
31
-156
20
-223
-111
-142
-187
-77
-200
-69
-140
-7
-13
52
49
106
141
74
258
5
240
243
146
376
65
220
263
75
373
134
254
255
113
252
94
213
151
129
136
51
88
60
36
4
-66
20
-115
35
-78
-46
-1
-48
-39
-54
-2
-138
64
-256
-132
-275
-430
-80
-346
-95
-89
-278
121
-229
115
45
-160
161
-312
1
-181
-303
-70
-324
31
-20
101
96
47
145
-86
122
-68
45
47
-37
114
-17
98
82
24
58
71
12
92
19
36
179
32
127
131
5
227
-16
95
103
46
239
163
259
205
226
251
191
266
92
170
16
53
-22
-77
2
-44
48
72
-29
-62
-19
-249
-33
-241
-161
-157
-274
-181
-273
-220
-129
-209
-80
-145
-121
4
-144
38
-121
-10
-64
18
34
21
201
23
257
55
227
217
97
275
48
180
150
55
279
24
176
103
-68
207
-127
101
-40
-180
-49
-296
-163
-197
-165
-165
-143
-226
-158
-40
-150
92
-178
67
-94
-45
15
-203
-11
-195
-259
23
-277
128
-124
-75
7
-263
75
-165
-99
-203
-350
-271
-213
-116
-59
-117
-97
-145
-20
26
154
34
28
101
-83
241
100
262
263
140
232
130
289
197
325
321
273
334
166
319
170
246
224
132
240
78
233
70
-8
8
-167
-63
-37
-131
52
-137
-31
-11
-203
-44
-257
-242
-132
-131
-98
-20
-45
-31
102
-127
161
41
115
151
-35
107
4
135
75
129
51
42
130
-58
90
26
-154
165
-209
170
-131
-91
-53
-299
-31
-259
-61
-167
-135
-74
-97
-55
-40
-56
-155
-56
-71
-3
166
74
166
143
29
140
-36
42
154
-103
204
-49
38
237
-35
308
-55
102
15
-158
123
-167
-25
-89
-58
-116
-125
-122
-188
85
-142
84
-199
-243
-152
-387
-75
-275
-95
-159
-70
-46
-51
93
-41
66
-36
-103
-22
-55
-46
128
-1
242
57
149
221
19
211
28
153
84
49
60
-46
126
-8
122
71
-67
103
-126
91
-59
-109
-16
-216
60
-93
1
-20
-158
-8
-201
57
-124
60
-11
-93
235
-127
314
-3
44
158
-13
313
74
162
121
-17
268
-163
168
-46
22
180
-153
282
-150
132
77
-136
145
-301
74
-217
-71
46
-318
181
-211
-42
91
-281
189
-163
25
79
-43
214
2
107
9
-24
18
5
98
0
68
92
5
57
93
-6
160
12
93
99
51
155
-31
101
79
65
85
93
30
114
105
140
158
151
152
57
115
-40
24
-17
-66
5
-229
-33
-207
-129
-88
-239
-212
-291
-357
-356
-416
-404
-374
-401
-414
-400
-361
-388
-289
-357
-302
-170
-176
-34
35
-151
110
-51
84
221
30
347
165
403
276
384
406
258
422
184
308
252
135
281
106
236
179
82
142
97
45
80
-14
54
98
150
142
180
-15
-4
58
-208
94
-156
-19
61
-221
-33
-231
-157
-37
-138
-19
-146
-61
-126
-47
47
-164
93
-175
-98
-9
-388
47
-325
-101
-139
-249
64
-193
134
-115
-55
11
-172
33
-141
18
26
-27
133
23
138
170
221
184
67
146
1
160
121
109
244
99
264
85
233
58
249
169
216
312
99
294
99
131
146
-53
92
-85
-113
-7
-195
-68
-13
-219
26
-140
-162
45
-236
-51
-189
-169
-234
-170
-203
-289
-27
-384
26
-120
-212
101
-197
73
115
-17
199
18
140
81
5
99
-86
19
-60
-12
-19
-5
-6
72
-27
148
-104
59
-71
-19
188
43
314
-24
179
-41
13
-40
-101
-6
-86
-48
-78
-203
-71
-244
-9
-48
-118
133
-267
81
-153
-91
-64
-245
-59
-224
7
-41
-110
202
-215
189
33
-57
264
-203
217
-108
44
200
-73
392
-182
222
31
-115
382
-326
398
-101
-54
169
-324
271
-131
136
5
-15
170
-135
238
-161
143
-1
-141
246
-239
217
-142
-31
116
-70
247
-44
275
62
171
173
-28
148
-90
128
31
96
120
-3
104
-22
-47
-44
-161
-129
-102
-80
-72
-82
-29
-106
23
-191
-22
-25
-127
147
-178
22
4
-80
37
-68
23
-33
74
7
97
58
13
153
-130
122
-101
100
76
6
215
-51
207
21
-51
186
-130
114
-17
-51
216
-20
126
-15
-27
-95
84
-220
-47
-89
-321
183
-194
-41
112
-150
8
9
-233
161
-141
36
-51
-235
24
-188
-151
-62
-191
-96
-77
-204
-162
-160
-64
-216
81
-198
131
27
-89
80
-197
10
-11
-16
62
194
77
279
228
93
338
1
178
58
57
250
17
177
47
-119
82
-253
-37
-91
-170
134
-154
124
-20
-14
119
-77
119
14
66
90
29
110
38
157
5
36
-19
-121
66
-185
-86
-58
-223
98
-149
-148
-91
-144
-136
-4
-88
-69
193
-165
219
-84
87
188
-20
209
71
140
88
139
72
-22
176
16
134
231
-61
339
-46
273
152
9
228
-142
40
-81
-95
-35
-123
-54
-110
-21
4
113
95
-81
125
-169
45
-61
-94
65
-63
86
-30
63
21
-62
-37
-165
-91
-7
-6
129
15
62
7
-28
48
-113
-73
-78
-154
-49
-270
-167
-265
-244
-120
-189
-147
-69
-67
-88
-44
-219
-106
-150
-105
-72
-33
1
17
-48
50
-33
3
93
-118
125
-10
-1
145
-67
57
35
10
136
180
170
257
117
73
203
-25
252
89
60
262
20
301
166
234
283
27
246
18
103
84
-74
64
-105
39
-105
-44
19
-184
70
-135
-10
-94
-156
-68
-110
-3
-85
-75
-61
-84
-39
-73
-70
-225
-59
-271
-165
-146
-365
-46
-399
-119
-139
-303
27
-352
1
-202
-238
-79
-407
126
-216
86
65
-16
375
59
336
180
148
357
157
411
155
194
217
163
371
221
382
231
333
218
119
257
-15
277
22
76
210
85
289
51
181
9
95
37
-101
84
-217
105
-224
-116
-104
-197
27
-145
71
-7
65
-111
49
-60
-85
104
-357
60
-281
-103
79
-246
146
-204
-36
-144
-210
-146
-302
-112
-244
-117
-121
-179
-11
-244
-40
-271
-151
-95
-285
22
-377
80
-278
-135
22
-461
181
-442
-5
-83
-346
201
-427
77
-133
-219
256
-264
322
-25
174
283
5
516
2
426
240
209
498
96
476
114
368
365
282
488
233
348
133
198
29
87
31
-115
1
-242
50
-246
-29
-119
-266
44
-425
51
-237
-140
-6
-327
38
-289
-58
-106
-170
11
-160
10
-147
-137
-10
-231
205
-141
83
57
-94
155
-185
95
-108
7
17
-80
36
-40
-115
82
-82
46
-41
-58
73
172
231
166
362
51
432
196
104
365
21
258
112
222
217
224
311
29
433
19
218
274
-100
401
-146
107
105
-122
185
-168
94
-96
-9
27
-163
102
-192
-30
-98
-210
-64
-301
-217
-300
-345
-248
-332
-235
-248
-169
-154
-200
-139
-257
-281
-258
-295
-429
-87
-428
-108
-133
-406
-2
-453
-62
-259
-180
-41
-131
19
-104
-10
-54
-49
7
-4
65
65
145
24
176
35
140
265
158
264
155
164
223
202
270
116
298
153
248
440
64
491
71
149
262
27
320
161
256
188
201
225
67
173
44
-11
240
-135
192
-38
-58
59
-168
60
-133
-68
-161
-193
-31
-159
-30
-139
-176
-135
-128
-205
-55
-134
-194
38
-329
-65
-262
-201
-145
-137
-9
-189
120
-221
3
58
-271
230
-138
-3
160
-165
164
66
31
267
-35
163
-6
118
58
58
64
40
162
26
108
-2
35
56
-107
124
-118
202
95
75
299
-18
275
25
-17
125
-146
134
-22
65
129
-157
202
-230
80
-89
-206
72
-284
108
-19
-65
78
-244
-15
-105
-183
-22
-263
-8
-176
-11
-73
-213
14
-191
-20
-1
-41
25
-28
-8
24
3
-28
-20
-44
-42
11
-11
18
-5
85
16
33
90
-125
125
-53
45
99
-122
114
-104
51
32
49
78
60
91
3
87
-47
11
61
-73
116
-43
18
149
-85
176
-170
-2
-40
-272
91
-346
-27
-69
-110
113
-53
108
35
19
-14
-70
-30
-79
47
-56
156
70
79
140
12
131
-82
-27
-176
-97
-12
-73
70
-54
13
46
-117
68
-158
45
56
-41
226
-102
179
20
-23
171
-115
129
45
-67
177
-93
57
98
-76
227
-2
235
146
116
173
77
246
101
276
162
105
237
-40
232
66
121
229
22
197
18
93
9
-94
-79
-85
-94
21
-127
0
-82
-164
-106
-312
-147
-194
-236
-88
-360
-109
-223
-237
-117
-386
-162
-365
-220
-255
-324
-79
-275
-37
-53
-230
112
-156
103
76
-18
120
-98
182
-36
150
39
-51
84
-107
97
-31
72
41
78
130
73
181
103
152
85
82
58
-23
125
-161
120
-137
-66
123
-312
319
-199
124
202
-136
410
-112
202
85
-97
189
-221
282
2
105
220
-140
302
1
177
235
48
266
-36
138
-39
13
60
-202
119
-169
87
37
-103
61
-172
-29
-49
-60
-34
-19
-4
-34
-69
-139
-103
-92
-25
-63
-31
63
-10
140
-122
50
-158
-116
-11
-274
105
-266
53
-83
-109
78
-216
115
-232
-51
-122
-180
128
-213
148
-61
-52
196
-176
302
-16
118
176
-136
260
-98
132
55
29
246
-27
302
58
171
331
-97
338
-226
37
22
-227
249
-140
168
115
-96
294
-115
200
30
-164
138
-293
18
-205
-175
6
-199
119
-27
107
119
71
69
-51
-97
-216
-130
-264
-115
-91
-131
46
-108
51
-8
0
37
-113
55
-207
-12
-212
-88
127
-247
247
-174
27
154
-268
280
-183
39
27
-160
193
-79
147
1
-26
0
-152
15
-175
-4
-23
23
162
91
239
138
244
63
156
16
-26
55
-185
71
-176
32
54
13
203
28
117
-26
-54
-67
-130
-91
-122
-163
-137
-69
-96
17
1
-51
84
-75
82
-97
-54
46
-191
238
-112
273
192
88
380
-108
324
-37
46
153
-178
213
-191
25
46
-96
250
-148
8
-33
-245
18
-330
-71
-242
-141
-10
-89
250
23
276
85
62
101
-98
184
62
20
104
-105
182
111
56
142
-16
-12
-45
-79
-7
31
72
64
15
155
-9
94
74
-5
46
13
-136
117
-132
28
103
-164
151
-157
-67
3
-161
10
-21
-52
29
-68
35
-14
33
-62
-161
-55
-277
-23
-222
-165
-51
-182
41
-192
64
-167
-157
-16
-328
73
-195
-116
36
-171
90
62
-24
153
-13
73
116
-95
102
-56
-8
94
-64
160
0
137
209
-61
381
-154
183
-55
-100
176
-202
213
-80
160
107
75
137
-35
28
-106
58
70
14
250
-5
138
17
-182
47
-267
31
-215
-54
-54
-85
58
-224
77
-176
-134
-57
-277
15
-43
1
183
-29
127
107
-75
205
-16
111
135
-19
257
-39
148
28
-68
65
-139
38
85
13
113
61
50
141
-25
86
13
-35
125
-85
148
-14
19
66
-60
133
-51
45
12
-92
113
-221
97
-68
-73
107
-123
185
-44
84
85
45
90
-5
22
-71
139
16
97
154
44
133
74
-37
39
-158
-101
-108
-150
-126
-167
-157
-183
-50
-242
-102
-174
-193
-61
-180
-10
-115
-83
46
-160
44
-157
-53
-15
-133
94
-102
72
51
-36
118
-55
84
-81
0
-66
-93
106
-111
224
-91
128
45
-56
185
-200
88
-177
-25
-31
-76
35
12
136
148
44
56
-36
-19
-67
-55
-90
-105
16
-76
136
75
155
136
99
129
152
18
146
38
94
95
45
128
76
130
83
105
33
-23
9
-136
-4
4
-47
90
-103
35
-7
-61
-5
-149
49
-187
-9
-22
-172
110
-201
-110
21
-153
140
-55
-4
17
-20
115
-19
108
7
16
125
-111
206
-81
60
72
-134
299
-136
297
24
35
224
-209
228
-206
77
7
-111
136
-145
89
-58
-8
64
-167
191
-166
46
1
-288
176
-272
96
-56
-90
181
-198
221
-114
73
155
-197
197
-193
49
56
-179
176
-220
61
-21
-4
200
-56
307
-42
127
126
-152
317
-263
155
-5
-115
370
-250
334
-125
26
59
-207
178
-249
100
-183
-220
-28
-293
-88
-214
-274
-214
-329
-162
-304
-119
-232
-192
-176
-217
-156
-184
-181
-121
-100
-111
57
-99
185
-60
36
188
-164
269
-180
97
128
4
393
-36
359
118
90
301
-43
361
22
188
188
-67
307
-136
235
126
8
307
-80
287
95
74
280
-48
218
93
13
242
-15
212
20
95
153
-31
304
-187
161
-165
-181
61
-286
49
-129
-120
3
-80
2
5
15
-23
0
2
-129
50
-211
25
-53
-40
108
-72
65
68
-9
52
-20
-82
44
-128
-16
-44
8
81
-83
49
-103
56
64
-80
71
-288
-41
-207
-212
-17
-375
32
-239
-95
-69
-246
52
-149
73
-26
-90
86
-168
109
-21
-7
59
-107
125
-32
134
103
36
270
-89
261
-30
-4
153
-202
245
-106
101
125
-141
283
-218
136
22
-231
243
-399
140
-152
-184
145
-297
180
-161
9
46
-171
207
-238
166
-64
-177
220
-272
160
-24
-112
156
-206
179
-47
8
103
-149
190
-59
152
8
-22
137
-140
177
-39
91
187
-77
244
-40
147
192
-5
286
-14
182
6
96
117
10
172
-131
89
-31
-127
181
-268
141
-63
-42
158
-160
59
-178
-158
-114
-277
-119
-195
-161
-80
-107
4
-54
21
1
-31
-31
-75
-63
-45
61
18
4
68
72
43
191
71
174
178
-44
99
-54
-99
8
-134
-62
-124
-140
-53
-81
7
-91
-3
-57
-122
113
-128
181
42
31
105
-152
87
-183
25
-43
-26
152
-11
225
26
105
125
8
137
9
83
32
133
138
96
253
12
299
182
164
316
57
308
110
261
76
150
168
-29
268
-13
143
9
-178
85
-197
-81
-81
-172
-90
-166
-179
-243
-137
-316
-266
-376
-411
-264
-386
-247
-278
-322
-227
-258
-257
-238
-261
-230
-297
-276
-153
-247
-32
-110
-83
92
-114
137
-1
74
269
80
319
139
152
321
73
235
99
144
152
129
235
135
231
164
110
271
36
207
55
38
152
-131
156
-25
-18
57
-133
-6
-81
-110
-120
-71
-138
-101
-30
-90
7
-81
65
-82
65
102
-104
303
-125
218
118
-101
317
-195
233
64
-56
286
-196
333
22
109
306
-49
349
-32
71
141
-176
181
-178
51
112
-116
293
-121
177
111
-81
319
-171
121
-15
-227
106
-315
30
-172
-134
172
-255
285
-168
63
99
-229
264
-278
108
-98
-199
62
-340
92
-214
-70
-7
-257
130
-223
53
9
-217
105
-207
56
95
-172
195
-229
0
66
-243
199
-195
-58
77
-314
67
-307
-217
-127
-336
76
-275
120
-98
-48
150
-174
221
-166
116
-44
-9
127
-83
154
-104
-1
5
11
186
3
246
-88
103
86
-129
257
-158
182
50
-80
300
-125
266
77
-59
213
-127
118
48
-101
217
-66
200
54
45
163
-85
133
-24
-43
120
-259
136
-203
-18
82
-272
216
-197
-3
19
-189
67
-78
-87
44
-150
89
-72
63
30
-95
125
-118
102
-17
112
113
140
155
24
192
-49
79
-15
-86
146
-162
180
-63
60
129
-112
184
-195
92
-125
-40
61
-140
216
-149
112
-3
-133
284
-303
245
-213
-137
92
-334
177
-149
161
92
66
239
-7
245
26
55
180
-96
182
-31
29
100
-125
187
-46
126
68
-108
100
-209
23
-30
-130
127
-337
103
-158
-36
115
-341
267
-245
60
76
-296
222
-311
26
-113
-237
40
-342
-25
-242
-163
-60
-150
44
-126
41
-127
-31
-63
-224
17
-280
-62
-78
-198
155
-42
84
124
-81
139
-151
10
-79
-156
19
-140
96
47
20
220
-120
266
-20
50
175
-136
251
-72
206
182
29
191
-101
61
51
-39
141
-33
85
111
-15
109
107
-3
154
-81
-39
101
-203
120
-88
44
82
18
261
98
227
203
102
202
13
72
79
-6
105
-27
13
84
-86
48
-113
-89
-91
-258
-2
-250
-9
-127
-92
90
-206
209
-203
84
56
-140
240
-51
285
137
110
214
-93
117
-131
-31
44
-46
117
-88
109
-5
40
56
-54
70
-102
16
-13
-7
142
-78
28
-92
-122
-49
-262
-99
-204
-70
20
-149
134
-113
23
102
-266
120
-336
-49
-126
-240
129
-225
288
-44
167
143
-68
240
-265
140
-152
-115
41
-452
271
-417
24
49
-449
516
-435
353
-22
-282
398
-508
272
-151
-251
353
-454
375
-180
-55
268
-431
345
-280
-19
154
-353
331
-208
137
150
-186
282
-225
138
8
-88
308
-48
243
85
2
203
4
194
116
13
214
-75
200
32
-24
201
-50
252
69
129
222
-20
179
-53
10
130
-114
143
-71
12
34
-49
96
-112
32
-187
-153
-79
-244
51
-200
-30
-69
-175
106
-131
80
50
-115
97
-169
-36
-80
-151
-7
-182
-10
-79
-67
163
-54
232
51
-51
127
-198
178
-49
109
187
-96
306
-56
154
92
-132
240
-208
171
-31
-4
157
-268
190
-190
20
104
-112
169
-28
87
39
-21
159
-118
181
-132
-55
34
-172
216
-116
39
29
-191
122
-196
1
-65
-231
121
-275
137
-98
-123
147
-264
128
-46
-84
165
-134
84
-65
-33
42
-166
35
-142
-93
7
-132
90
20
53
95
-17
16
22
-84
32
-86
-140
63
-222
-40
-87
-135
96
-120
-18
-25
-68
47
-13
-7
73
-42
106
-45
95
181
22
219
15
-20
108
-68
80
-4
-12
81
-99
149
-14
48
174
-68
86
-66
-69
-3
-75
13
30
32
130
-12
95
9
-1
50
-148
44
-129
40
8
-10
119
-35
130
-66
70
37
6
118
-142
148
-55
-37
164
-159
130
8
-55
90
-71
16
37
2
34
53
-10
107
-26
69
-14
-27
127
-88
171
35
37
141
-82
217
-72
132
33
-134
167
-206
46
-65
-126
89
-171
82
-93
-41
101
-149
36
-122
-129
-62
-120
-39
-49
-150
-41
-151
-57
32
-181
103
-226
-38
-19
-136
215
-107
40
171
-207
322
-182
90
195
-274
418
-207
140
206
-202
336
-212
91
126
-210
296
-254
97
74
-137
198
-184
30
1
-105
66
-136
-1
-60
-94
13
-185
-52
-21
-154
62
-45
-165
97
-281
27
-105
-244
203
-318
158
-56
-167
274
-284
297
-79
-14
200
-295
324
-243
67
95
-232
336
-216
201
45
-122
307
-212
263
6
11
221
-222
311
-109
182
138
-142
262
-132
152
128
-176
306
-191
167
157
-91
344
-136
221
73
-85
292
-136
145
70
-76
235
-117
79
7
-212
118
-190
50
53
-135
114
-203
60
-39
-87
113
-210
33
-3
-154
106
-129
5
8
12
42
-76
40
-139
-116
-35
-127
19
6
-101
85
-131
25
10
-128
83
-54
45
107
58
191
23
141
5
-41
152
-286
166
-136
-71
160
-291
182
-156
40
111
-209
195
-295
42
-23
-256
103
-229
14
-112
-110
-37
-174
55
-282
77
-144
-10
187
-285
303
-140
3
210
-278
287
-128
44
184
-227
288
-68
-21
290
-230
307
25
-80
355
-283
213
62
-239
336
-262
102
151
-221
401
-219
202
83
-191
307
-304
170
-154
-167
189
-415
242
-305
-110
174
-366
247
-231
-10
130
-229
292
-143
132
77
-134
177
-125
131
74
-28
200
-66
84
48
-54
123
-28
105
-3
23
-39
-30
-22
-130
32
-27
-49
103
-62
86
102
-11
119
-21
1
-12
-19
-104
-7
-50
-84
62
-118
-10
100
-24
149
118
-82
35
-32
-114
147
-135
70
65
-146
235
-126
109
219
-54
311
-52
100
120
-83
313
-190
135
44
-179
319
-97
160
122
-117
203
-175
73
-4
-174
103
-265
70
-56
-157
127
-194
43
-111
-173
44
-167
-38
-45
-177
27
-91
-101
-53
-195
-103
-163
-178
-71
-215
-58
-129
-74
27
-184
79
-201
-130
17
-261
97
-148
-30
63
-115
226
-21
160
174
19
209
93
173
110
135
69
72
141
-46
224
-21
133
88
-73
222
-119
162
27
-160
209
-173
112
28
-73
193
-87
83
-71
-81
35
-201
22
-188
-146
31
-276
132
-101
-62
203
-186
156
16
-143
205
-205
109
-9
-108
243
-76
229
62
12
188
-168
187
-11
-115
288
-273
219
60
-113
317
-156
124
88
-213
180
-163
40
70
-147
153
-195
16
49
-124
231
-50
157
230
-39
267
-57
-20
123
-258
153
-69
5
172
-94
123
-10
-15
22
-29
16
-68
45
-67
21
-33
-50
33
-182
-29
-113
-154
-37
-133
-104
-111
-121
-127
-116
-96
-89
-53
-120
35
-165
-52
-35
-176
23
-133
-40
34
-11
82
10
124
62
80
156
29
138
80
159
142
50
186
-60
118
26
-56
264
-66
29
78
-307
116
-200
-49
-54
-296
104
-357
69
-127
-222
148
-304
152
-1
-175
275
-206
200
56
-162
249
-157
73
34
-83
73
-111
38
-9
44
104
2
70
42
-17
156
38
66
98
-104
146
-68
-19
58
-206
110
-116
-101
157
-249
281
-8
22
343
-264
296
-146
-55
259
-262
343
-143
-14
158
-354
270
-233
19
152
-309
288
-287
24
57
-261
283
-207
106
89
-151
293
-132
181
138
-10
320
-47
212
88
6
210
-96
153
61
-3
226
13
88
144
-130
173
-19
-13
292
-160
225
18
-187
183
-350
-43
-121
-314
143
-394
80
-147
-249
188
-362
93
-161
-178
101
-336
151
-148
-61
162
-285
147
-247
-97
-16
-368
96
-363
-126
-31
-369
219
-269
-9
87
-318
200
-161
-54
169
-205
208
18
-9
272
-44
283
126
-1
188
-130
64
9
-121
111
-121
137
75
0
210
-145
160
-50
-47
194
-157
297
21
145
301
-93
302
-88
40
190
-207
292
-119
183
209
-93
308
-137
56
106
-131
94
-103
-31
-2
-25
-35
-74
8
-177
-33
-273
-113
-57
-219
139
-216
47
15
-102
256
-168
173
-86
-77
159
-274
209
-74
12
215
-70
240
36
90
131
-26
126
-58
24
-53
-39
-56
-136
-111
-188
-79
-122
58
35
-61
50
-63
59
95
-28
79
-30
-42
66
-33
76
121
12
102
91
45
142
-32
38
45
-153
84
-90
-35
78
-44
146
-103
63
-24
-137
148
-254
47
-43
-225
244
-187
178
168
-97
304
-190
153
-43
-142
170
-266
181
-73
-157
141
-314
33
-105
-160
104
-241
108
-146
-80
137
-246
167
-109
-72
109
-201
169
-92
2
212
-131
241
-45
-112
60
-233
18
-86
-49
112
-169
148
-104
-89
161
-364
133
-94
-214
274
-238
242
120
-69
333
-285
230
-73
-163
247
-332
269
-72
-35
279
-138
259
-14
-25
183
-181
204
-129
24
43
-249
110
-272
-94
37
-165
197
91
5
240
-88
152
38
-61
218
-101
138
131
-94
256
-47
85
243
-83
307
66
26
329
-106
278
106
-126
230
-239
-56
2
-229
-45
-133
-71
30
-43
-20
-70
-82
-42
-102
-142
-59
-328
-83
-161
-190
111
-119
80
-10
3
165
0
193
5
46
60
4
133
6
124
-101
88
-15
-97
157
-198
-41
-191
-162
13
-145
197
-118
95
111
-127
288
-139
135
116
-44
193
-110
47
-46
-87
54
-49
137
11
50
5
-65
79
-121
-25
27
-65
-17
55
-167
48
14
-51
188
-202
115
-148
-173
142
-371
115
-91
-163
150
-370
140
-226
-190
39
-369
90
-199
-12
29
-162
146
-170
101
-42
-18
200
20
265
75
134
167
-58
188
-89
28
195
-110
246
-20
-3
152
-131
161
28
-23
193
-150
155
2
22
196
-144
183
-21
-59
138
-237
106
-83
-116
210
-241
135
77
-126
226
-164
-34
5
-173
225
-63
156
155
-104
210
-135
7
-48
-229
44
-312
-27
-117
-211
145
-207
120
-1
-104
224
-116
134
110
-22
242
-6
136
142
65
242
180
133
221
97
79
254
-10
163
185
-53
273
-124
120
-52
-138
154
-341
60
-141
-309
121
-493
-10
-240
-357
74
-434
-10
-132
-206
69
-227
-32
-90
-194
68
-236
12
-5
-119
221
-77
141
150
-80
324
-74
81
213
-202
317
-167
-56
118
-434
173
-218
-50
204
-334
278
-179
20
140
-382
215
-342
-130
45
-356
120
-289
42
-39
-136
220
-234
160
24
-56
295
-50
274
132
112
254
-53
113
-33
-90
118
7
83
226
3
166
58
36
213
-104
198
-8
-106
248
-223
222
-38
-77
219
-267
301
-126
32
217
-313
293
-101
-8
216
-233
198
-166
-17
85
-180
169
-102
-63
118
-151
91
1
-121
83
-76
105
35
53
114
-144
135
-25
-17
167
-100
172
-42
15
144
-159
114
-139
-130
-11
-274
-29
-103
-170
-5
-109
-98
36
-110
-2
-44
-146
-24
-61
39
83
41
92
46
115
60
13
77
31
118
12
142
98
119
227
-81
244
7
42
214
-239
139
-123
-221
174
-420
0
-115
-302
171
-332
28
-122
-188
78
-250
94
-150
-85
-100
-315
65
-273
-39
49
-253
296
-180
122
138
-238
274
-177
3
171
-185
284
-115
11
104
-155
106
-106
109
47
-35
280
-127
225
143
26
382
-68
212
23
-111
222
-256
238
6
-157
282
-265
196
59
-120
200
-237
144
-11
-109
80
-299
30
-125
-130
69
-194
-8
-154
-122
-25
-103
96
-76
23
102
-84
135
-14
-27
151
-60
177
49
-41
192
-230
174
-3
-151
326
-154
295
122
-2
332
-181
267
-41
-140
298
-297
245
42
-99
369
-183
288
45
-101
382
-238
278
152
-162
422
-288
132
25
-369
340
-319
54
98
-341
329
-308
41
105
-390
351
-283
-65
197
-472
252
-226
-125
227
-407
257
-134
-173
147
-509
75
-313
-285
138
-462
183
-207
-170
195
-400
279
-126
-132
252
-398
158
-101
-150
284
-324
176
25
-142
344
-191
242
124
-140
277
-247
109
-28
-114
227
-248
166
-82
-159
245
-190
229
22
-101
194
-258
38
40
-191
190
-136
-19
110
-258
198
-102
0
302
-203
421
-31
73
371
-296
425
-119
32
391
-402
555
-164
82
529
-403
619
-129
-10
459
-491
418
-127
-121
374
-352
265
-13
-148
207
-284
52
-87
-262
106
-198
-53
27
-227
73
-132
-114
106
-251
25
-104
-222
140
-281
10
-100
-169
187
-144
174
102
-33
283
-161
66
-37
-228
126
-214
32
57
-158
240
-165
140
143
-163
299
-208
10
79
-345
227
-274
-6
216
-304
382
-168
61
254
-292
327
-99
46
214
-129
322
-57
221
160
-15
291
-93
272
61
68
174
-160
221
-175
44
110
-219
270
-231
87
90
-254
238
-151
-36
48
-234
86
-99
-12
69
-59
17
-10
-112
34
-140
-114
-54
-200
-66
-144
-219
-86
-300
-172
-171
-304
-4
-359
-32
-119
-319
95
-328
9
-18
-286
116
-361
-47
-153
-290
161
-319
186
70
-43
434
-114
241
22
-142
287
-213
268
75
0
392
43
385
348
124
443
124
174
292
-44
191
61
-57
188
-55
72
88
-107
145
-8
105
139
5
212
14
119
108
-115
99
-54
-42
101
-139
47
8
-49
192
-54
187
120
47
223
-24
111
144
9
194
63
98
193
-95
66
-111
-179
-79
-279
-153
-255
-264
-143
-345
-74
-299
-168
-199
-327
-2
-401
-39
-110
-309
188
-288
16
98
-195
248
-62
101
108
20
243
96
160
150
149
29
123
119
-46
226
-58
41
170
-60
231
-31
34
115
-133
125
-162
-91
-90
-214
-3
-182
12
-118
-77
23
-264
3
-233
-178
0
-268
66
-142
-115
72
-219
5
-2
-87
7
-8
-38
113
46
17
27
-137
-45
-59
-84
82
1
49
142
-53
105
52
-41
169
2
126
225
76
336
54
149
193
-81
371
-74
174
169
-133
366
-213
221
126
-274
404
-367
150
81
-411
378
-420
9
70
-438
330
-288
-67
117
-409
226
-190
-73
168
-236
84
-68
-146
62
-109
-17
44
-2
118
91
24
249
20
177
250
-76
306
-180
27
21
-311
268
-328
-16
37
-348
290
-257
135
149
-272
406
-285
156
146
-140
406
-147
157
84
-139
303
-134
191
186
-150
288
-62
-47
92
-189
150
-41
-43
247
-230
181
72
-55
298
-140
110
-70
-244
89
-404
1
-213
-272
48
-401
-32
-152
-222
91
-309
-55
-49
-283
81
-135
-129
57
-132
10
24
-103
40
-22
-76
55
31
-66
81
26
11
179
-64
64
97
-56
72
-10
-49
30
-19
69
94
-40
92
-17
-90
81
-150
7
-9
-60
157
-37
72
113
-25
83
-62
49
-120
-16
-45
-78
156
-132
146
-46
-87
125
-136
192
-6
14
160
-129
121
-113
22
4
-41
117
-16
144
40
103
162
-117
198
-49
10
243
-123
214
112
-81
298
-184
144
154
-280
360
-212
109
221
-417
303
-341
-34
211
-427
424
-345
67
174
-373
489
-385
196
135
-370
495
-327
185
229
-251
507
-187
222
226
-186
367
-162
102
165
-119
185
-60
-91
14
-172
14
-39
-113
121
-127
-48
112
-261
10
-222
-299
-56
-421
-61
-166
-261
50
-271
-40
-24
-179
128
-149
-37
3
-184
9
-105
-62
2
-185
-69
-146
-137
-15
-142
108
-46
2
144
-42
209
155
53
320
-111
196
137
-97
279
-111
135
89
-30
266
1
199
187
12
227
-30
49
63
-117
33
-102
-59
-15
-163
40
-152
-60
121
-178
195
-109
-51
93
-255
105
-173
-122
152
-308
223
-69
-100
195
-307
147
-105
-150
108
-269
29
-17
-55
195
-89
101
26
-11
251
-63
174
112
-16
398
-77
277
212
-165
421
-257
89
177
-323
320
-167
4
230
-190
272
-44
28
135
-128
74
-42
-100
9
-157
-116
-47
-232
-98
-178
-158
-48
-218
8
-103
53
244
-82
388
60
120
325
-157
369
-5
68
345
-162
321
39
-34
179
-204
160
-45
-44
158
-123
41
-88
-170
-138
-179
-179
-138
-70
-98
20
-47
-68
-33
-183
-32
-97
-141
29
-133
20
52
-76
112
-110
33
39
-37
196
-100
95
30
-229
101
-225
-95
26
-271
143
-119
-60
149
-213
76
-35
-162
120
-212
-9
-28
-203
163
-188
-45
65
-287
187
-66
-85
229
-182
96
13
-234
207
-184
17
176
-241
215
3
-113
359
-207
166
197
-261
425
-121
33
406
-256
408
76
-75
540
-226
427
182
-162
639
-232
330
321
-308
516
-236
11
222
-378
259
-264
-184
95
-346
139
-75
-203
161
-167
-23
43
-225
46
-163
-128
78
-193
87
-21
-242
114
-290
3
38
-113
158
6
65
35
20
-24
-30
-29
-171
78
-126
-8
98
-155
281
-87
130
216
-113
307
-137
24
186
-170
246
-48
38
190
-120
168
-54
1
119
-72
132
-23
-11
70
-41
-69
-67
-80
-68
-13
16
33
-22
9
3
-27
55
-34
60
57
-22
54
-136
-37
-79
-197
40
-185
0
-4
-214
75
-220
-99
-28
-290
77
-174
-109
34
-312
108
-220
-100
98
-201
200
-103
28
149
-179
220
-66
-26
159
-201
146
-23
-51
259
-17
190
194
-93
126
57
-46
156
-30
36
26
-160
51
-95
-115
119
-188
79
79
-150
136
-28
43
262
-39
277
15
-112
232
-229
153
33
-151
298
-180
133
54
-199
307
-199
161
94
-139
360
-197
140
-9
-271
249
-362
78
23
-335
258
-331
-40
58
-435
288
-281
-63
347
-416
386
-69
-193
381
-426
308
7
-174
462
-213
316
142
-14
413
-106
373
-38
196
251
-57
476
-192
336
0
-173
419
-538
369
-131
-341
450
-622
319
-126
-371
409
-551
279
-85
-268
307
-422
121
-44
-280
134
-275
-68
-48
-200
63
-50
-61
-33
-90
-102
-45
-181
-122
-118
-323
-52
-202
-238
148
-279
0
-1
-252
272
-134
111
182
-109
338
-89
126
200
-113
291
-37
111
116
-20
98
-53
98
-14
108
102
28
237
-128
108
3
-159
258
-276
98
112
-246
428
-89
108
358
-344
393
-142
-138
312
-489
346
-217
-221
383
-587
376
-108
-343
454
-583
333
-40
-375
474
-583
333
38
-365
564
-550
324
170
-461
590
-568
73
100
-653
530
-503
35
201
-798
444
-504
-214
334
-654
512
-94
-157
529
-442
406
67
-316
472
-308
213
310
-259
499
21
127
532
-154
534
316
85
661
-193
331
307
-248
561
-271
90
391
-357
456
-296
-104
356
-408
288
-251
-286
179
-460
83
-180
-318
56
-355
-81
-217
-258
-51
-207
-87
-183
-215
-19
-114
-67
-21
-77
35
169
141
279
153
133
162
-89
168
-81
-62
191
-197
141
-42
-69
237
-227
154
27
-69
289
-121
57
-50
-176
114
-126
-57
22
-153
56
-1
-89
89
-109
15
106
-180
70
-121
-194
-30
-342
9
-164
-243
45
-240
-27
-96
-161
75
-236
7
-39
-107
134
-188
38
-59
-218
113
-138
-35
7
-264
59
-48
-80
158
-175
90
117
-31
288
5
73
280
-35
314
152
19
339
-91
138
233
-138
279
-124
-5
232
-178
279
-23
40
401
-61
374
82
-19
383
-153
280
-65
-118
297
-207
235
28
-106
252
-222
290
103
-20
456
-174
218
142
-287
277
-253
-97
146
-294
255
-84
-159
215
-319
170
69
-200
125
-277
-54
-26
-272
-30
-308
-168
-119
-265
-18
-203
-121
-19
-129
9
-219
-98
-133
-179
-56
-187
-45
-102
-59
107
-45
195
11
47
236
-200
242
-87
-89
318
-225
384
151
51
424
-189
288
5
-97
257
-338
84
-153
-120
125
-286
99
-107
15
118
-196
132
-171
1
54
-247
62
-214
9
51
-188
118
-168
-29
143
-199
200
-146
-49
302
-193
271
-38
-58
265
-381
228
-96
-305
275
-477
199
57
-276
476
-348
125
166
-324
423
-295
15
271
-298
418
-126
64
203
-336
312
-185
-28
162
-308
336
-246
69
237
-310
359
-232
38
242
-269
338
-95
71
268
-191
322
-102
41
220
-238
227
-138
-155
190
-232
212
55
-171
255
-224
73
22
-379
94
-357
-68
78
-417
198
-179
78
354
-170
286
-174
-36
257
-322
157
-117
-20
364
-152
327
151
121
480
18
205
56
-19
344
-54
64
122
26
362
183
127
182
60
221
149
29
37
-56
69
152
14
39
-11
-57
9
-65
-48
-146
-192
-164
-267
-83
-190
-271
-112
-289
-151
-227
-311
-181
-354
-247
-327
-395
-236
-317
-193
-158
-279
-218
-255
-230
-138
-176
-147
-137
-151
-106
-66
-17
69
103
205
104
96
155
29
77
59
27
103
110
176
287
236
237
283
234
283
119
58
179
60
133
36
-98
25
36
86
72
-46
13
25
-30
19
-39
-49
-41
-73
18
-41
-70
32
46
121
-30
-47
39
8
144
-45
6
63
-43
176
-3
66
101
-125
124
-63
-16
72
-187
188
30
38
221
-84
204
104
-36
133
-44
152
104
-65
60
-38
171
142
-8
166
72
113
149
-9
120
43
8
150
-5
147
118
52
190
-25
25
1
-126
8
-159
-89
-47
-168
-24
-158
-130
-43
-107
-140
-164
-96
-193
-148
-241
-325
-169
-235
-67
-183
-166
-39
-244
-18
-174
-112
28
-174
179
-65
-72
32
-304
89
-131
-145
38
-206
125
16
-18
147
-153
64
10
-68
167
-34
74
178
85
302
164
197
259
51
210
81
-3
157
6
45
117
-12
67
-25
-74
-6
-85
-48
-33
-189
-99
-189
-194
-81
-232
-10
-121
-75
156
-116
56
13
-92
181
-23
102
70
-40
184
0
98
40
-67
92
34
127
143
35
88
36
50
11
-47
25
-2
28
57
7
63
40
0
38
-34
-63
-50
-97
-45
23
23
52
-15
-12
69
-24
-2
-37
-69
103
-5
119
225
79
238
117
144
211
-5
80
-44
-118
20
-138
0
22
-66
134
-90
-5
65
-158
82
-152
-145
38
-173
102
-72
-52
153
-76
124
-40
-51
91
-57
70
-13
-95
8
-86
-43
20
-128
-17
32
-64
126
29
22
114
-50
101
-7
-45
77
-77
42
31
22
85
-35
47
19
50
42
-48
-17
-37
-92
-124
-170
-209
-196
-173
-157
-136
-133
-143
-119
-164
-132
-171
-198
-124
-235
-170
-125
-132
-44
-137
-62
-83
-79
18
-69
65
11
52
144
72
129
83
122
182
137
208
141
161
220
134
287
115
186
188
53
176
38
125
117
75
93
37
43
13
0
-27
-27
-4
-28
-3
-93
-75
-72
-52
-29
-114
-68
-79
-58
-43
-34
-46
11
-21
-44
-79
-137
2
-98
76
79
39
189
1
143
49
33
124
-27
139
23
97
135
22
212
85
235
176
192
272
105
219
71
126
74
25
52
-91
-14
-114
-74
-82
-143
-78
-147
-124
-168
-188
-218
-219
-233
-217
-126
-218
-140
-142
-110
-60
-119
-25
-110
-33
-27
-62
-36
24
17
55
101
65
223
69
197
113
51
110
-85
28
-49
-59
81
-47
46
31
-22
70
-59
-26
-37
-109
42
-111
-82
-99
-115
5
-104
-57
-162
-128
-108
-100
-13
15
-5
70
30
36
5
-37
-36
-91
-118
-92
-76
-19
-19
-49
-19
14
-16
36
-29
9
38
0
84
68
144
80
66
59
68
117
96
131
133
158
140
89
107
80
131
106
104
84
138
112
158
148
175
130
59
86
-15
38
21
-35
7
-57
-111
-69
-110
-64
-68
-88
-93
-90
-142
-113
-125
-78
-9
19
1
-45
-70
-51
-53
-61
-12
-119
-18
-60
-32
41
-138
51
-99
-22
19
-99
39
-68
-14
-42
-151
-106
-142
-95
-35
-148
-76
-142
-9
57
108
148
113
223
177
194
146
137
91
167
110
149
223
176
232
143
141
156
116
143
117
116
79
75
62
38
-52
-127
-112
-168
-44
-108
-123
-108
-207
-53
-171
-97
-162
-184
-153
-174
-124
-265
-166
-275
-161
-122
-162
-29
-89
71
-20
33
-19
-121
3
-89
-24
-4
-15
52
19
50
8
-29
-57
-98
-46
-109
15
-42
39
-12
30
33
-5
67
-44
66
-44
47
67
43
110
64
88
100
63
120
117
158
161
182
151
152
143
88
66
29
16
-51
43
-68
82
37
55
28
-104
-14
-165
14
-70
-58
39
-56
59
-23
17
23
41
62
21
56
18
37
52
45
41
25
-36
11
46
70
79
52
1
-13
-120
-146
-138
-167
-159
-136
-26
-34
108
20
35
-1
-1
-46
-10
-34
-77
11
-85
25
13
80
88
82
84
11
-25
43
-25
36
13
24
137
108
152
75
43
27
-5
-30
71
38
146
57
-27
15
-139
0
-114
-80
-55
-120
19
-111
-73
-180
-196
-192
-123
-85
-143
-52
-179
-73
-105
-132
-114
-107
-91
-43
-36
-23
9
26
40
61
115
52
85
121
67
120
130
44
90
19
-5
-26
-11
-64
-53
-97
-112
-68
-114
20
-67
-11
-9
-19
41
59
83
40
49
43
-7
14
-20
3
45
80
162
128
155
110
57
45
-1
72
-23
38
41
2
103
27
119
37
63
35
13
26
21
12
3
-7
-49
-36
-37
-29
-68
-66
-94
-93
-107
-135
-108
-145
-92
-85
-32
43
89
160
115
139
60
44
96
-9
58
15
-1
70
21
83
45
73
95
9
30
-22
-20
7
3
-16
-3
35
11
62
10
14
-16
5
26
41
44
51
59
53
-31
-2
-68
-50
-15
-85
-36
-73
-6
1
32
39
41
59
-17
-41
-91
