0
0
0
0
1
1
0
0
0
-1
-1
0
-1
1
1
2
4
6
8
9
9
8
11
14
17
22
24
23
20
13
4
-8
-18
-23
-25
-26
-29
-31
-29
-24
-26
-25
-23
-19
-26
-33
-33
-29
-14
3
14
17
35
41
33
31
4
-13
-15
-9
1
9
19
30
39
25
8
2
-5
0
-7
-15
5
38
83
92
85
68
27
24
34
46
53
53
55
52
57
43
20
-12
-35
-60
-77
-77
-77
-56
-3
54
56
52
45
5
-30
-34
-24
-24
-18
-21
-20
3
-21
-70
-94
-126
-134
-124
-118
-109
-80
-49
-45
-33
-40
-33
6
-3
0
25
41
66
102
89
44
9
-43
-79
-114
-148
-101
-2
94
196
247
253
241
177
110
51
-16
-53
-38
23
45
43
45
52
88
92
69
33
-16
-54
-37
5
5
28
24
4
9
-18
-57
-53
-52
-75
-77
-108
-120
-114
-83
-65
-90
-113
-134
-142
-131
-93
-40
12
42
38
35
35
-3
-42
-70
-86
-90
-90
-66
-39
-25
-16
15
36
0
-91
-179
-203
-179
-111
-37
30
71
45
43
27
-16
-15
-2
37
74
76
53
64
98
156
191
159
110
20
-54
-62
-48
-14
44
94
159
203
191
170
127
74
44
16
-20
-10
21
54
54
62
62
12
-3
-12
25
57
42
31
39
50
57
91
120
146
122
85
71
34
0
-30
-44
-44
-33
-23
-13
-9
-41
-94
-121
-136
-156
-184
-177
-144
-123
-69
-35
9
20
-5
-54
-129
-184
-205
-177
-146
-104
-66
-15
33
49
40
13
-6
-9
9
23
14
17
47
109
181
242
250
212
143
66
77
76
75
108
120
130
111
75
43
20
-28
-53
-80
-106
-122
-137
-105
-81
-64
-65
-96
-127
-180
-214
-242
-252
-233
-197
-146
-119
-84
-61
-73
-92
-93
-98
-85
-81
-100
-82
-38
2
34
85
106
106
130
116
80
92
125
167
190
170
154
111
67
66
73
58
32
63
84
82
78
36
-12
-34
-12
12
18
-12
-57
-75
-72
-49
-45
-61
-53
-27
17
46
38
16
20
48
73
80
44
40
35
31
75
91
105
91
55
46
36
43
52
67
73
43
12
-11
7
15
29
59
59
62
41
28
-17
-42
-33
-50
-47
-46
-53
-83
-102
-109
-70
-24
-28
-19
-28
-21
-15
-28
-47
-88
-110
-97
-67
-53
-24
-18
-26
-33
-37
-8
-22
-6
8
-11
-20
-27
7
6
-10
-11
-6
6
7
16
5
-19
-5
33
48
45
54
80
54
29
19
7
11
10
25
27
28
25
51
35
15
0
-10
-4
-34
-58
-114
-134
-125
-109
-72
-76
-54
-27
-7
-19
-43
-54
-68
-46
-43
-39
-28
-22
8
18
-4
-24
-38
-36
-12
27
61
73
61
41
-12
-56
-44
-18
9
15
14
-5
-11
13
17
34
27
19
37
24
30
36
43
61
68
83
85
79
70
67
57
57
58
63
41
-6
-21
2
35
68
83
46
27
-1
-10
-14
6
60
64
32
-11
-42
-78
-88
-88
-59
-20
1
25
7
-19
-52
-41
6
68
117
111
101
105
74
52
51
63
111
114
100
35
-58
-94
-82
-52
-26
-10
-29
-54
-94
-133
-146
-157
-130
-86
-44
-42
-92
-106
-103
-76
-47
-30
-14
-58
-111
-118
-95
-48
18
69
102
106
84
77
56
50
73
105
162
195
189
152
125
99
78
54
-3
-44
-48
-33
-34
-59
-100
-108
-84
-64
-95
-126
-161
-169
-124
-97
-56
-59
-39
-35
-57
-97
-128
-117
-133
-121
-101
-79
-68
-47
-15
15
29
40
47
33
14
17
37
70
139
193
216
204
165
111
51
-3
-39
-35
-46
-65
-69
-66
-66
-54
-26
3
43
47
46
56
42
47
67
88
67
53
71
68
82
106
148
177
145
86
8
-39
-87
-99
-65
-36
6
44
64
53
27
-22
-68
-86
-102
-59
-1
30
40
61
83
65
46
-11
-65
-134
-193
-205
-199
-156
-106
-41
32
103
133
103
70
41
19
12
8
11
-2
-12
-13
-21
-14
-12
3
3
-3
1
-18
-44
-55
-47
-6
56
120
165
192
202
188
156
114
73
25
9
-2
-7
-15
-18
-5
-15
-24
-48
-77
-121
-174
-195
-187
-140
-71
22
109
170
183
141
76
-18
-87
-120
-149
-117
-63
6
86
94
61
-9
-110
-221
-292
-311
-279
-204
-120
-49
-6
9
3
-10
-42
-66
-84
-84
-78
-47
4
29
40
43
25
-3
-43
-76
-87
-104
-109
-77
-21
36
73
107
131
118
104
75
34
12
-9
-24
-11
27
66
132
203
240
249
218
161
74
-15
-51
-36
30
106
177
244
270
253
183
84
-23
-112
-147
-157
-141
-92
-25
21
14
-2
-16
-44
-50
-39
-1
53
98
140
160
140
99
47
-1
-46
-42
-9
16
32
26
3
-51
-120
-169
-171
-143
-94
-44
-1
29
28
25
8
-21
-13
10
50
95
105
91
56
10
-50
-116
-178
-210
-196
-167
-145
-114
-80
-66
-63
-81
-94
-92
-84
-45
7
58
111
137
134
126
124
113
79
55
18
-8
-21
-37
-44
-64
-72
-94
-104
-95
-78
-52
-38
-14
21
58
71
72
78
81
68
49
42
37
49
54
36
32
-1
-31
-48
-48
-33
-14
6
3
-2
-13
-32
-53
-87
-102
-101
-99
-91
-80
-68
-75
-92
-98
-81
-45
-7
29
81
125
160
176
154
122
88
65
61
57
58
66
69
67
55
17
-42
-111
-167
-179
-177
-176
-153
-134
-120
-99
-93
-89
-79
-76
-62
-44
-19
30
95
135
161
175
162
161
172
172
168
155
151
154
166
187
181
157
119
80
50
17
-1
6
27
61
95
113
115
103
71
32
3
-14
-9
8
33
61
56
35
-14
-98
-169
-230
-269
-275
-270
-244
-182
-136
-110
-88
-105
-118
-125
-143
-154
-145
-96
-30
30
65
80
82
82
79
56
39
20
12
6
1
17
47
81
108
131
158
157
121
80
26
-23
-50
-37
-11
38
97
121
105
47
3
-37
-68
-107
-132
-142
-173
-203
-239
-257
-278
-304
-316
-316
-313
-315
-330
-349
-341
-294
-215
-134
-52
30
111
173
225
248
265
290
318
367
386
417
409
385
374
351
327
282
256
234
187
123
67
17
10
19
23
18
-2
-36
-81
-121
-165
-190
-216
-226
-232
-223
-182
-125
-79
-66
-75
-109
-137
-166
-203
-213
-181
-130
-70
-7
56
104
113
106
95
91
112
167
232
279
301
310
304
290
257
213
165
146
149
151
152
142
123
63
-10
-94
-170
-242
-284
-307
-313
-281
-241
-196
-184
-199
-235
-266
-302
-316
-285
-233
-154
-46
53
122
153
147
113
59
0
-32
-18
21
68
105
128
140
124
82
18
-46
-76
-67
-21
10
15
18
13
3
-28
-54
-39
-4
43
95
131
152
145
113
84
59
42
51
85
124
125
115
90
54
18
-10
-4
6
39
71
82
71
43
8
-26
-57
-78
-51
-7
43
73
69
40
-4
-43
-76
-98
-112
-113
-106
-120
-154
-186
-230
-266
-291
-298
-283
-259
-231
-214
-224
-260
-317
-353
-353
-317
-251
-172
-90
-34
0
13
14
9
17
72
159
249
329
399
455
480
450
395
357
323
276
247
264
304
346
353
340
303
220
131
51
17
21
37
60
78
85
52
-3
-66
-124
-156
-179
-178
-179
-177
-151
-123
-116
-139
-165
-179
-187
-178
-154
-137
-139
-148
-125
-80
-44
-29
-24
6
50
76
62
29
3
-4
15
49
105
156
217
242
252
241
188
128
58
22
0
25
73
130
158
159
132
63
-10
-92
-156
-186
-185
-149
-116
-106
-122
-164
-207
-248
-273
-279
-258
-221
-197
-163
-117
-98
-95
-107
-114
-116
-138
-140
-126
-85
-43
8
39
53
28
3
4
-9
-14
-31
-9
33
79
99
114
126
98
85
75
91
93
89
89
95
98
85
87
77
67
62
54
69
86
102
118
106
102
83
76
74
73
76
67
57
51
45
37
33
5
-14
-49
-64
-78
-77
-43
-10
21
21
32
26
20
-10
-33
-64
-70
-38
-21
-8
-22
-19
-29
-41
-56
-58
-76
-75
-85
-105
-103
-96
-70
-55
-39
-49
-52
-45
-38
-34
-39
-33
-21
-11
4
21
65
85
93
99
74
48
23
51
73
104
121
127
132
119
94
54
57
83
113
117
111
118
134
126
108
95
63
29
-6
-23
-28
-45
-68
-91
-110
-104
-81
-76
-76
-82
-81
-93
-113
-122
-138
-155
-160
-119
-92
-67
-44
-29
-9
2
6
-9
-18
-37
-40
-29
-16
-15
-15
-15
-16
-6
-5
0
-10
-19
-20
4
20
25
36
49
27
-11
-60
-77
-70
-73
-57
-53
-45
-71
-99
-142
-144
-147
-149
-149
-153
-133
-128
-104
-85
-68
-52
-20
20
62
76
99
129
153
157
147
167
161
151
138
168
188
191
185
144
102
68
59
62
69
79
95
103
107
100
77
46
17
0
-2
1
-6
-14
-14
-13
-16
-8
23
43
62
77
60
41
12
3
-5
15
50
77
93
80
71
67
68
47
52
34
15
-2
-24
-45
-47
-29
-5
7
-33
-83
-152
-216
-259
-256
-239
-214
-190
-207
-220
-252
-272
-275
-262
-237
-203
-154
-114
-51
-12
9
35
51
71
58
43
46
78
136
197
260
285
277
261
234
229
235
242
262
258
218
153
88
6
-71
-108
-95
-78
-62
-61
-80
-109
-168
-219
-263
-271
-274
-268
-253
-245
-214
-188
-149
-115
-44
24
65
97
123
177
222
256
279
303
289
225
154
127
144
162
202
247
257
195
101
-17
-122
-161
-150
-83
-18
26
40
25
-25
-99
-150
-178
-180
-184
-193
-204
-210
-208
-186
-178
-167
-147
-138
-139
-169
-193
-227
-205
-166
-102
-46
-40
-42
-69
-92
-97
-79
-58
3
59
79
82
83
88
122
173
195
222
230
233
235
246
284
320
351
363
372
333
281
234
200
156
118
97
84
67
0
-40
-69
-96
-129
-164
-185
-210
-250
-264
-248
-221
-184
-134
-78
-46
-25
-26
-30
-26
-13
16
48
72
96
121
141
136
134
130
121
97
50
29
-7
-46
-79
-81
-58
-46
-47
-70
-98
-134
-152
-134
-117
-80
-33
18
48
56
74
75
86
54
35
6
-13
-15
-19
17
41
54
29
-4
-63
-111
-162
-211
-230
-236
-222
-210
-183
-187
-173
-165
-174
-182
-190
-186
-173
-134
-88
-17
55
105
138
162
176
171
142
119
131
148
167
187
193
177
162
129
80
54
27
3
-31
-67
-79
-85
-75
-66
-14
25
44
35
24
26
10
10
14
42
68
107
116
111
102
84
77
64
60
46
39
50
53
55
58
68
66
54
26
-7
-19
-30
-17
2
35
51
40
38
27
23
7
9
18
32
43
50
36
1
-25
-39
-37
-37
-36
-66
-96
-141
-181
-199
-219
-230
-226
-199
-182
-156
-150
-144
-139
-124
-89
-37
19
60
77
76
97
117
133
131
154
167
180
200
218
256
299
321
312
265
198
125
58
13
-28
-41
-44
-41
-56
-88
-125
-155
-179
-205
-242
-295
-310
-305
-274
-236
-189
-157
-155
-170
-194
-222
-227
-211
-160
-85
-27
24
54
84
107
122
133
132
127
98
73
46
12
16
37
75
93
109
106
93
60
19
11
0
7
22
60
98
128
158
196
191
175
174
185
211
215
199
168
164
148
139
141
141
115
44
-28
-71
-80
-66
-21
9
10
-29
-76
-146
-207
-240
-234
-199
-182
-131
-106
-87
-88
-96
-84
-99
-128
-173
-199
-215
-228
-233
-188
-130
-109
-114
-141
-160
-182
-172
-172
-156
-132
-114
-93
-110
-119
-141
-106
-45
33
82
132
221
306
389
406
396
414
431
413
382
365
378
388
404
417
428
439
411
356
263
154
76
2
-37
-55
-34
-7
21
4
-27
-63
-112
-138
-178
-207
-240
-243
-225
-162
-145
-136
-155
-199
-230
-282
-308
-338
-302
-279
-210
-138
-100
-80
-98
-102
-142
-192
-259
-310
-343
-358
-345
-256
-145
-90
-91
-60
-27
-33
-43
-38
16
92
183
268
328
294
188
83
29
36
92
151
222
288
310
274
207
119
7
-67
-120
-117
-94
-77
-76
-87
-134
-197
-248
-264
-224
-167
-87
-32
3
29
76
133
163
158
118
80
23
42
115
210
367
434
475
462
443
386
215
72
-95
-166
-157
-107
-13
32
54
54
86
72
-18
-131
-209
-219
-220
-184
-190
-210
-206
-109
29
121
127
29
-63
-122
-120
-145
-101
-33
24
38
51
112
97
70
12
-54
-81
-67
-15
18
82
141
189
203
214
236
282
345
352
374
341
304
207
96
-23
-162
-249
-297
-275
-226
-149
-103
-92
-83
-110
-157
-219
-315
-409
-492
-484
-455
-400
-330
-287
-179
-87
7
63
96
150
139
106
119
211
309
391
415
427
371
279
247
226
231
207
140
142
162
128
81
1
-11
-8
-89
-175
-240
-294
-361
-381
-356
-376
-401
-445
-427
-398
-357
-285
-209
-171
-209
-194
-174
-142
-126
-161
-195
-156
-11
115
157
142
110
91
103
132
147
158
235
341
340
265
226
246
226
244
284
362
433
441
403
297
227
114
42
5
-56
-75
-57
-13
-21
-53
-76
-65
-46
-33
-29
-3
48
52
53
20
-54
-204
-307
-414
-493
-465
-390
-214
-73
116
248
332
326
221
30
-135
-102
-150
-125
-10
169
321
363
386
322
191
57
-65
-206
-290
-258
-221
-129
-78
8
127
271
376
279
171
45
78
167
203
113
11
64
23
-45
-144
-164
-169
-120
-12
-26
-74
-73
-30
-43
-49
24
113
127
121
68
26
-56
-89
-84
-140
-139
-133
-82
-101
-172
-266
-291
-159
-45
59
109
192
233
172
-11
-98
-118
-208
-238
-289
-245
-204
-145
-113
-138
-106
-159
-241
-370
-453
-439
-458
-360
-248
-132
-1
145
212
177
136
60
-61
-258
-314
-338
-294
-173
17
194
282
328
253
198
132
104
75
142
294
357
426
558
758
875
934
863
687
535
450
369
141
-72
-163
-192
-131
-191
-314
-354
-299
-216
-277
-242
-170
-59
47
64
98
108
224
265
133
-25
-127
-140
-223
-353
-399
-392
-325
-176
5
9
-8
78
86
118
82
62
82
107
162
210
277
317
304
134
-98
-238
-254
-239
-268
-303
-300
-247
-131
40
85
40
112
249
269
179
155
111
40
42
42
18
18
102
1
-219
-317
-440
-532
-478
-381
-210
4
96
48
-9
44
-17
-132
-173
-175
-109
19
204
241
168
137
98
-61
-274
-448
-470
-426
-453
-444
-330
-98
70
282
373
38
-231
95
409
16
-398
-480
-546
-321
98
-100
-700
-402
203
188
170
348
250
162
332
362
260
364
512
367
143
61
126
266
174
-137
-267
-144
134
310
345
218
228
499
640
496
329
272
206
286
406
417
304
264
324
194
-30
-12
72
6
-99
-297
-436
-486
-417
-424
-558
-526
-447
-398
-338
-133
95
-6
-187
23
395
406
155
-63
-154
-63
114
35
-326
-462
-357
-252
-246
-387
-585
-698
-718
-769
-823
-820
-775
-559
-277
-135
62
441
691
634
534
460
339
342
582
793
796
829
1005
1075
983
952
910
849
1061
1286
1085
792
866
1002
1008
1032
901
686
651
586
282
-54
-257
-434
-555
-726
-967
-1113
-1220
-1383
-1619
-1758
-1768
-1828
-1972
-2015
-2062
-2122
-2036
-1833
-1885
-2012
-1847
-1512
-867
-185
-236
-436
494
1471
1541
1715
2160
2047
2409
3639
3674
2596
2524
2680
1972
1769
1916
1062
236
360
170
-471
-550
-1037
-2337
-2816
-2396
-2151
-2287
-2778
-3275
-2846
-1642
-990
-1361
-1637
-1145
-247
443
274
-420
-545
-13
456
700
1017
1211
902
365
-8
-78
276
1478
2807
1515
-1440
-784
3066
4260
2461
752
-802
-210
4184
5949
1302
-2047
11
1913
2091
1919
-493
-3229
-2254
-438
-1362
-2592
-2639
-3085
-3414
-2859
-2541
-1927
-1020
-1639
-2713
-1845
16
1127
1558
907
-66
966
3017
3017
1772
1298
1110
1063
1638
1793
1014
578
801
626
216
230
89
-618
-1349
-1736
-1879
-1838
-1445
-456
408
-439
-1940
-843
1876
2630
1734
931
243
1172
4380
5369
2418
249
1019
2024
2304
2159
311
-1813
-1718
-912
-1294
-2039
-2620
-3322
-3547
-2980
-2256
-1836
-1803
-2227
-2356
-2032
-1540
-774
-256
-574
-867
-145
565
752
827
506
-92
61
815
828
28
-363
-96
236
263
-513
-1374
-1337
-994
-324
1157
1298
-1532
-2356
1574
4253
2950
1724
765
-195
2995
7135
4588
49
818
2789
2785
3319
2317
-1469
-2645
-837
-778
-1844
-2119
-3113
-4201
-3608
-2647
-2051
-1400
-1802
-2935
-2583
-920
59
53
-732
-1577
-789
1368
2193
1068
348
651
806
977
1202
469
-821
-905
-217
-491
-880
-723
-1114
-2158
-2133
-1221
-1300
-937
1297
1548
-1401
-1331
2925
4658
3367
3080
1867
799
4671
8387
5100
1197
2119
3179
3140
3987
2278
-1645
-1970
-337
-1005
-2088
-2194
-3467
-4454
-3544
-2952
-2928
-2139
-1919
-2536
-1791
-366
-1
267
429
-277
-4
1328
1315
297
523
1012
446
549
1256
563
-801
-819
-397
-879
-1036
-709
-1458
-2447
-2057
-1475
-1263
169
859
-1509
-2502
1018
4087
3295
2093
1193
235
2634
6270
4566
12
-614
850
1128
1471
833
-2035
-3273
-1722
-1173
-1955
-2390
-3013
-3698
-3706
-3546
-2890
-1698
-1876
-3091
-2800
-1558
-569
518
646
-476
-64
1875
2306
1399
1184
1291
1066
1729
2431
1623
728
918
721
-159
-6
453
-533
-1459
-1131
-1029
-301
2346
2588
-1040
-1387
2474
4101
4404
5318
2150
-986
3564
7968
5150
2522
2117
-58
463
4016
2339
-2403
-2975
-2457
-3170
-2099
-1575
-4111
-5826
-5237
-4503
-3385
-2320
-3492
-5460
-5117
-2776
-728
-305
-1506
-2624
-1515
796
1495
542
-209
-356
-3
1215
2058
1213
-60
-115
301
240
503
944
-77
-1496
-990
230
830
2415
3412
697
-979
2857
6505
5641
4076
2851
1767
4382
8525
7133
2554
1419
2516
2913
3107
1997
-1081
-2784
-2351
-2193
-2784
-3352
-4439
-5934
-6308
-5164
-3599
-2935
-3732
-4964
-4508
-2298
-423
-214
-1308
-2059
-722
1595
1961
774
321
379
450
1134
1808
1287
186
-394
-284
161
408
-127
-1586
-2587
-1965
-718
416
1422
556
-1674
-887
2915
4772
3842
2127
655
1451
5259
7367
4960
1851
1379
2425
3583
3586
1212
-1759
-2709
-2172
-1930
-2116
-3035
-4638
-5625
-4924
-3732
-3279
-3628
-4670
-5082
-3501
-1284
-598
-1052
-1589
-1452
128
1876
1851
1069
1072
1340
1419
1891
2393
1856
640
-36
195
531
647
212
-1258
-2179
-1010
526
942
1426
1322
-373
-647
2203
4179
3548
2689
2137
2022
4520
7293
5805
2292
1282
1975
2261
2087
437
-2279
-3400
-2748
-2443
-2732
-3489
-5078
-6037
-5235
-3911
-3341
-3449
-3961
-3805
-2310
-584
319
339
-262
-149
1508
2957
2948
2369
1933
1540
1842
2496
2339
1520
643
56
363
972
522
-643
-1564
-1874
-1493
-503
244
243
-148
-219
293
1367
2774
3399
2646
1784
2243
3424
4406
4392
2995
1409
1378
2312
2075
342
-1670
-2876
-2894
-2322
-2294
-3419
-4975
-5666
-5114
-4159
-3787
-3992
-4214
-3883
-2990
-1882
-983
-870
-1381
-1246
134
1299
1303
1171
1531
1724
1702
2082
2069
1158
444
479
693
693
642
-91
-1160
-1408
-780
-323
-189
-80
-361
-332
757
1816
1863
2263
2986
2784
3016
4334
4708
3877
3477
3020
2244
2166
1936
383
-778
-1004
-1643
-2240
-2113
-2736
-4094
-4463
-4123
-3936
-3752
-3614
-3647
-3171
-2249
-1460
-757
-97
134
247
934
1440
1262
1264
1248
760
776
1364
1019
94
-218
-340
-365
-299
-687
-1451
-1799
-1881
-1735
-829
168
153
-292
123
1385
2513
3066
3381
3229
3210
3908
5046
5380
4968
4502
4059
3627
3342
2740
1322
-67
-894
-1408
-2031
-2600
-3481
-4578
-5021
-4966
-4907
-4832
-4588
-4285
-3562
-2706
-2321
-1709
-624
-184
-90
745
1535
1483
1678
1976
1347
876
1269
1151
41
-579
-632
-832
-1213
-1440
-1803
-2281
-2221
-1897
-1420
-563
196
-338
-514
1112
2650
3165
3927
4045
3230
4186
6104
5794
4468
4136
3445
2657
2923
2389
611
-544
-1084
-1905
-2281
-2463
-3396
-4192
-4305
-4238
-4169
-3848
-3784
-3937
-3410
-2855
-2417
-1565
-708
-605
-370
328
562
653
1081
1075
411
371
644
469
-172
-649
-631
-568
-817
-1087
-1225
-1488
-1578
-1286
-657
285
502
-255
146
2012
2891
2862
3521
3647
3370
4449
5500
4614
3672
3564
3021
2152
1869
1228
-138
-1324
-2092
-2411
-2498
-2923
-3706
-4292
-4599
-4368
-3827
-3577
-3612
-3172
-2451
-1924
-1242
-270
492
691
842
1302
1618
1762
1743
1285
870
986
1444
1236
351
-45
237
79
-609
-1094
-1110
-913
-846
-307
1169
1922
744
768
2612
3176
2948
3727
3522
2673
3973
5589
4672
3441
3161
2252
1385
1165
487
-781
-1662
-2514
-3040
-2982
-3183
-3733
-4060
-4429
-4667
-4042
-3492
-3631
-3586
-3068
-2577
-1909
-817
164
337
403
853
1126
1060
1040
988
666
330
201
163
-184
-875
-1395
-1234
-1216
-1584
-1605
-1408
-1496
-1222
80
728
5
308
2091
2902
3079
4085
4357
3720
4338
5267
4552
3911
3808
2958
1939
1793
1243
-125
-1168
-2241
-3353
-3621
-3590
-4323
-5217
-5624
-5544
-4788
-3949
-3763
-3496
-2577
-1662
-1057
-456
53
664
1433
2064
2521
2688
2583
2615
2565
1645
952
1038
882
317
2
-280
-868
-1156
-1088
-1188
-1498
-1170
-441
-247
-271
680
2019
2756
3485
4022
3796
3805
4408
4545
3862
3123
2466
1690
1045
453
-358
-1230
-2096
-3052
-3923
-4368
-4468
-4649
-5043
-5518
-5320
-4429
-3633
-3435
-3156
-2254
-1228
-356
369
905
1168
1708
2347
2786
3219
3405
3389
3190
2665
1957
1659
1281
504
121
-8
-522
-1003
-1104
-1044
-535
300
824
737
566
1250
2498
3055
2905
2890
3001
3163
4000
4388
3416
2243
1667
889
14
-620
-1436
-2414
-3023
-3649
-4246
-4064
-4109
-4878
-5364
-5135
-4664
-3834
-3281
-3391
-3012
-1696
-575
-191
163
581
788
996
1396
1723
1865
2023
1977
1640
1543
1483
1120
429
-484
-1075
-1030
-1092
-1724
-2062
-1707
-828
502
1108
403
216
1615
2851
3269
3634
3470
3005
3606
4699
4655
3884
3112
2175
1165
738
466
-323
-1487
-2652
-3558
-3813
-3514
-3603
-4405
-5125
-4852
-3985
-3235
-2828
-2616
-2290
-1521
-557
173
754
1236
1427
1387
1423
1722
2037
1868
1015
93
-241
-288
-391
-547
-1111
-1985
-2088
-1593
-1507
-1496
-1068
-592
343
1372
1411
1762
3097
3991
4392
5123
5353
5121
5483
5702
4963
4220
3521
2161
846
172
-380
-1365
-2504
-3380
-4104
-4540
-4494
-4612
-5133
-5149
-4521
-3913
-3509
-2968
-2300
-1501
-498
229
626
944
1357
1676
1621
1394
1342
1662
1777
1260
871
783
348
-364
-1031
-1720
-2240
-2139
-1925
-1987
-1724
-838
260
1479
2820
2569
765
1248
4865
6938
5742
3969
2889
3418
6133
7157
4060
703
-105
74
-104
-958
-2791
-4628
-5248
-5035
-4675
-4318
-4329
-4959
-6032
-6152
-4722
-2669
-1633
-2172
-2613
-1700
-31
1295
1706
1196
673
871
1377
1450
1318
1136
537
-462
-1029
-469
30
-590
-1604
-2243
-2432
-2007
-1213
-742
-833
-519
1076
2545
2489
2590
3964
4976
5398
6124
6351
5721
5723
5996
5038
3817
3507
2767
1062
-214
-890
-1881
-3033
-4030
-5021
-5489
-5157
-4623
-4420
-4744
-4950
-4045
-2739
-2025
-1619
-1169
-831
-109
731
961
998
1339
1787
1782
1147
548
423
-133
-1034
-1530
-1879
-2407
-2304
-1920
-2291
-2524
-2139
-2015
-1818
-897
-169
548
2035
2859
2410
3027
4608
5432
5909
6032
5445
5253
5789
5845
4976
3696
2266
838
-244
-1168
-1964
-2864
-3929
-4823
-5188
-4956
-4615
-4235
-3979
-4295
-4193
-2764
-1352
-536
124
261
468
1767
2983
3230
3077
2486
1771
1704
1570
1057
701
-28
-1108
-1531
-1593
-1737
-1959
-2659
-3273
-3038
-2469
-2241
-1861
-1289
-996
-24
1947
2751
2297
2612
3643
4223
4846
5087
4246
4103
4732
4424
3400
2353
924
-376
-1562
-3104
-4041
-4337
-5074
-5857
-5946
-5625
-5035
-4367
-3883
-3558
-3410
-2857
-1442
-160
876
1930
2320
2266
2727
3324
3711
3478
2424
1275
487
264
295
-218
-1568
-2572
-3124
-3448
-3266
-3052
-3319
-3403
-2879
-2179
-1373
-569
348
1282
2251
3574
4952
5450
5397
5816
6496
6525
6343
6193
5539
4481
3868
3339
2060
537
-671
-2102
-3681
-4512
-4916
-5327
-5763
-6130
-6177
-5606
-4693
-3919
-2793
-1643
-1484
-987
841
2107
2584
3359
3364
2647
2958
3450
2780
1907
1117
-184
-1187
-1723
-2377
-2936
-3598
-4249
-4216
-3982
-3553
-2617
-2308
-2356
-1619
-398
440
1054
1736
2115
2778
4503
6021
5816
5101
5407
6276
6269
5785
4853
3252
1903
1611
1264
190
-1172
-2301
-3304
-4246
-4559
-4525
-4879
-5510
-5756
-5607
-4876
-3602
-2252
-1462
-588
566
1065
1377
2664
3477
2818
2291
2090
1703
1883
2041
1104
-47
-736
-1209
-1589
-2170
-2965
-3279
-3563
-4010
-3548
-2527
-2100
-1661
-1087
-729
42
1198
1778
1776
1925
2579
3488
4384
5008
4511
3605
3888
4642
4381
4052
3496
2007
941
942
484
-285
-1028
-2436
-3832
-4405
-4542
-4522
-4410
-4713
-4905
-4582
-3962
-2791
-1269
-483
96
805
1059
1499
2610
3420
3276
2604
1658
1191
1655
1882
1118
-183
-1519
-2345
-2707
-3089
-3303
-3547
-4087
-4123
-3426
-2412
-1346
-496
-228
37
733
1351
1712
1901
2200
2578
3356
4641
5077
4325
4091
4799
4881
4672
4274
2638
1173
1175
726
-826
-1889
-2490
-3375
-3584
-3282
-3457
-3776
-3681
-3336
-3087
-2788
-2298
-1234
43
847
1486
2643
3272
2881
2796
3023
2680
2163
1308
8
-561
-343
-713
-1761
-2800
-3448
-3470
-3449
-3756
-4012
-3978
-3856
-3267
-2473
-1752
-949
-110
748
1612
2199
2718
3210
3249
3724
4789
5307
4845
4294
4146
4581
4943
4463
3334
1856
850
821
544
-445
-1160
-1893
-2873
-3204
-3047
-3218
-3485
-3659
-3816
-3542
-2917
-2129
-939
-84
301
968
1716
1960
1682
1237
1008
716
-69
-1118
-2008
-2534
-2566
-2696
-3596
-4489
-4602
-4260
-4023
-3952
-3796
-3384
-2783
-2113
-1191
-255
166
799
1923
2641
3090
3704
3800
3433
3900
5159
5956
5551
4445
3801
4017
4458
4232
3024
1564
1110
1207
720
55
-529
-1255
-2062
-2730
-3315
-3526
-3284
-3234
-3234
-2901
-2236
-1337
-277
516
830
1287
1934
2169
1717
1339
1289
966
530
-74
-1147
-2042
-2070
-2097
-2881
-3736
-4147
-4271
-4133
-3770
-3490
-3332
-2740
-1746
-534
490
1016
1527
2228
2853
3281
3354
2975
2541
2692
3645
4721
4817
3640
2761
2927
3337
3276
2767
1709
721
524
385
-79
-368
-525
-1022
-1710
-2234
-2312
-1904
-1579
-1680
-1810
-1786
-1516
-835
-193
107
346
707
1096
1106
933
1087
1146
394
-557
-1214
-2013
-2297
-1930
-2234
-3215
-3540
-3267
-3026
-2524
-1989
-1786
-1572
-1313
-877
-30
619
673
844
1314
1858
2556
2653
1883
1466
1893
2521
2898
2567
1743
1335
1650
2099
1924
1125
324
-75
-315
-655
-1143
-1657
-1756
-1736
-2101
-2456
-2514
-2382
-2211
-2233
-2339
-2266
-1950
-1212
-267
262
595
1457
2025
1738
1609
1465
974
761
325
-817
-1420
-1089
-806
-929
-1283
-1673
-1693
-1282
-1033
-1017
-745
-428
-199
259
828
1281
1610
1780
1819
1993
2045
1769
1558
1772
2352
3329
3737
2972
2421
3130
3825
3508
2865
1934
1263
1508
1450
449
-340
-723
-1194
-1822
-2461
-3035
-3054
-2729
-3071
-3469
-3286
-3048
-2429
-1331
-926
-967
-115
883
736
423
250
-147
-157
-247
-1043
-1782
-1724
-1446
-1570
-2070
-2638
-2703
-2449
-2494
-2571
-2416
-2079
-1435
-840
-599
-304
237
712
1061
1569
2111
2279
2223
2294
2772
3757
4804
4767
3918
3771
4426
4744
4513
3695
2622
2336
2277
1351
170
-268
-626
-1336
-2233
-3095
-3264
-2839
-2662
-2881
-3138
-3316
-2856
-1796
-1065
-607
53
473
872
1662
1761
879
262
238
73
-335
-962
-1694
-2086
-2388
-2795
-3089
-3282
-3148
-2733
-2660
-2905
-2724
-1990
-1491
-1290
-962
-570
-43
769
1455
1542
1735
2233
2429
2923
4383
5069
4136
3650
3821
3784
3950
3882
2544
1512
1558
1156
276
-445
-1201
-1611
-1814
-2506
-2942
-2522
-2142
-2093
-1760
-1729
-1812
-975
61
430
695
1075
1396
1730
1921
1501
550
-253
-598
-767
-1375
-2033
-2269
-2340
-2727
-3165
-3417
-3626
-3569
-3436
-3571
-3601
-2913
-1847
-953
-354
150
890
1768
2508
2884
3041
3017
2838
2932
3935
5010
4773
4025
3861
4090
4175
4145
3503
2379
1728
1592
1064
212
-347
-615
-961
-1451
-1847
-1976
-1882
-1573
-1099
-980
-1067
-812
-286
56
376
577
617
682
850
762
204
-570
-1269
-1539
-2035
-2822
-3474
-3897
-4257
-4593
-4676
-4555
-4178
-3541
-2950
-2791
-2801
-2176
-1082
-249
255
514
864
1558
2334
2588
2519
2271
1961
2652
3907
4457
4006
3426
3346
3663
3672
3245
2697
1729
927
865
437
-412
-433
-165
-734
-1458
-1914
-2160
-1835
-1228
-1082
-1441
-1596
-1180
-456
92
520
805
821
735
654
216
-334
-1036
-1836
-2159
-2376
-2686
-2741
-2656
-3007
-3054
-2658
-2510
-2309
-1754
-1515
-1780
-1671
-1077
-42
949
1362
1621
2024
2406
2538
2383
1905
1325
1277
1960
2782
2863
2303
2272
2738
3074
3099
2841
2240
1901
2022
1823
1143
527
505
613
173
-565
-982
-1145
-1321
-1220
-994
-1253
-1442
-1167
-863
-657
-25
453
300
147
128
-60
-614
-1245
-1934
-2266
-2393
-2534
-2533
-2605
-2723
-2539
-2305
-2431
-2259
-1821
-1795
-1857
-1589
-990
-212
427
528
416
683
1147
1492
1472
900
465
1157
2520
3579
3624
3005
2727
3136
3534
3457
3080
2685
2416
2286
1872
1245
806
493
-26
-856
-1686
-2241
-2363
-2282
-2037
-1938
-1858
-1491
-1030
-775
-472
-24
279
429
473
467
414
278
-197
-773
-1183
-1164
-1156
-1687
-2333
-2508
-2323
-2129
-2246
-2556
-2422
-2253
-2407
-2374
-1873
-1229
-588
-180
-219
-7
727
1297
1271
888
648
1094
2354
3501
3686
3230
3156
3854
4167
3966
3658
3076
2532
2125
1269
187
-402
-661
-1145
-1821
-2670
-3186
-3043
-2647
-2323
-2262
-2070
-1597
-1046
-610
59
918
1629
1984
1795
1436
1102
705
194
-339
-895
-1221
-1333
-1617
-2007
-2213
-2250
-2262
-2466
-2686
-2584
-2408
-2213
-1758
-1234
-658
144
674
750
829
1356
1912
2026
1736
1476
1884
2803
3737
4055
3702
3542
4053
4473
4224
3619
3061
2344
1548
800
-64
-673
-684
-671
-1319
-2179
-2721
-2757
-2443
-2107
-1780
-1491
-1236
-761
-167
427
1042
1452
1700
1691
1227
490
-130
-740
-1362
-1848
-2454
-2994
-3274
-3607
-3915
-3863
-3730
-3653
-3607
-3603
-3419
-2749
-1941
-1307
-547
152
536
770
1103
1420
1608
1799
1839
1712
2332
3725
4476
4208
3782
3520
3504
3750
3523
2549
1559
1124
817
80
-571
-818
-934
-1061
-1376
-1976
-2384
-2159
-1807
-1566
-1232
-930
-543
44
611
1155
1816
2387
2595
2385
1601
614
-94
-523
-929
-1583
-2168
-2673
-3304
-3738
-3892
-3898
-3652
-3269
-2969
-2708
-2433
-1901
-1076
-496
-167
175
182
332
1112
1675
1756
1802
1675
1632
2431
3382
3503
2977
2578
2739
3119
3135
2792
2328
1744
1606
1570
830
63
-146
-470
-931
-1119
-1409
-1640
-1356
-993
-602
-35
320
307
265
457
668
1128
1578
1661
1449
753
-520
-1479
-1680
-2185
-2787
-3221
-3590
-3502
-3141
-2927
-2728
-2237
-1657
-1188
-1173
-1415
-1073
-282
358
767
950
914
1072
1709
2010
1696
1389
937
612
1301
2331
2337
2029
2556
2924
2680
2868
2875
1988
1523
1638
877
-43
-148
-212
-619
-864
-1271
-2042
-2351
-2226
-2019
-1658
-1131
-741
-664
-709
-548
-130
386
745
718
250
-428
-1201
-1673
-1722
-1958
-2242
-2379
-2595
-2985
-3084
-2806
-2484
-2042
-1507
-1225
-1245
-966
-270
438
996
1369
1247
917
1009
1446
1649
1554
1387
1008
938
1811
2796
2810
2603
2805
2835
2761
3113
2986
2180
1887
1919
1372
566
69
-417
-803
-950
-1166
-1636
-1969
-1843
-1482
-1121
-566
-193
-284
-114
477
863
1071
1270
877
321
128
-587
-1682
-1947
-1913
-2181
-2107
-2129
-2737
-2883
-2466
-2373
-2382
-1974
-1576
-1565
-1456
-959
-265
278
758
1002
544
159
580
1045
964
855
655
638
1710
2834
2804
2562
2786
3126
3614
3917
3385
2645
2346
2154
1650
842
235
-193
-728
-1201
-1726
-2518
-2848
-2430
-2101
-1920
-1243
-797
-902
-588
46
248
432
1095
1122
596
568
501
-54
-506
-559
-782
-944
-925
-1297
-1887
-2194
-2163
-2193
-2088
-1843
-1615
-1239
-854
-409
83
466
566
337
146
195
244
200
-99
-451
-58
1047
2015
2517
2598
2251
2223
2575
2545
1996
1383
1076
1057
954
596
242
-180
-549
-825
-1385
-2190
-2554
-2475
-2412
-2061
-1282
-551
-288
-35
442
718
802
1130
1255
808
740
947
506
-7
-148
-670
-1446
-1869
-2233
-2791
-2915
-2624
-2269
-1891
-1658
-1456
-1274
-1104
-819
-281
77
55
43
62
384
1067
1651
1781
1586
1396
1798
2876
3390
3215
3279
3069
2740
3196
3427
2913
2855
3132
2567
1498
510
-606
-1343
-1504
-1882
-2717
-3238
-3260
-3182
-2974
-2371
-1616
-1427
-1353
-825
-237
284
964
1362
1163
965
1059
1193
1133
981
680
213
-473
-1195
-1770
-2329
-2575
-2471
-2278
-2243
-2086
-1707
-1525
-1446
-1169
-675
-345
-202
-78
-175
-257
68
515
514
277
574
1717
2953
3542
3677
3395
3197
3563
3859
3520
3075
2838
2541
2090
1252
225
-537
-1083
-1620
-2039
-2648
-3210
-3104
-2744
-2602
-2333
-1787
-1423
-1405
-1374
-817
-141
395
1057
1429
1109
1061
1358
872
210
-30
-581
-1631
-2302
-2728
-3406
-3509
-3142
-2972
-2966
-2801
-2460
-2216
-1842
-1296
-636
-151
163
489
599
748
958
1098
1020
913
1273
2286
3201
3306
3320
3536
3681
4109
4701
4150
3295
3559
3500
2508
1733
830
-71
-361
-724
-1311
-1965
-2504
-2168
-1550
-1729
-1514
-831
-1064
-1302
-680
-443
-315
439
801
680
841
1004
678
259
-225
-869
-1448
-1996
-2450
-2844
-3215
-3410
-3382
-3439
-3632
-3674
-3449
-3079
-2622
-2040
-1280
-537
-129
299
696
857
1086
1420
1278
936
1656
3006
3693
3877
4254
4338
4348
4922
4983
4079
3749
4085
3415
2137
1424
637
-316
-526
-737
-1632
-2133
-1990
-1918
-1918
-1923
-1895
-1418
-887
-866
-710
-289
7
582
1418
1575
1248
1301
1202
448
-485
-1227
-1997
-2744
-3081
-3250
-3562
-3662
-3240
-2896
-3085
-3021
-2561
-2387
-2191
-1689
-1182
-622
21
340
195
41
194
453
476
560
1245
2366
3017
3082
3115
2918
2625
2825
3087
2692
2472
2691
2484
1905
1272
621
-140
-717
-1023
-1514
-2104
-2354
-2131
-1960
-1916
-1477
-882
-607
-393
38
250
497
1272
1783
1724
1711
1629
1367
1138
618
-218
-956
-1643
-2325
-2919
-3505
-3737
-3444
-3131
-2984
-2685
-2353
-2091
-1637
-1106
-730
-493
-229
-139
-80
272
645
894
1108
1386
2036
3028
3841
4199
4416
4563
4611
4809
4784
4116
3350
2877
2196
1224
430
-174
-738
-1191
-1537
-2085
-2676
-2929
-3011
-3048
-2969
-2820
-2360
-1575
-1159
-868
-304
251
666
1164
1399
1238
1186
1352
1422
889
40
-590
-1196
-1947
-2335
-2651
-3157
-3124
-2751
-2565
-2532
-2248
-1742
-1314
-795
-157
302
513
723
825
922
1221
1551
1757
1585
1717
2555
3184
3192
3139
3015
2864
3265
3560
3067
2505
2273
1841
1048
257
-502
-1177
-1463
-1662
-2141
-2639
-2683
-2479
-2491
-2566
-2425
-2148
-1713
-1089
-849
-842
-395
168
454
645
624
297
143
141
-87
-549
-1097
-1664
-2220
-2695
-2967
-3146
-3198
-2862
-2578
-2424
-2084
-1548
-922
-376
95
412
549
656
837
899
976
1362
1845
2023
2111
2704
3468
3819
3903
3844
3546
3564
3715
3256
2567
2320
2281
2100
1652
837
-30
-366
-532
-862
-1138
-1433
-1688
-1745
-1737
-1891
-1857
-1516
-1034
-870
-856
-603
-294
34
461
774
594
479
495
315
-87
-768
-1673
-2398
-2762
-3023
-3363
-3700
-3686
-3350
-2996
-2901
-2773
-2307
-1702
-1105
-536
-235
-20
327
469
611
755
845
1000
1277
1634
2310
3328
3988
4335
4569
4836
4865
4811
4715
4400
3998
3587
3080
2284
1786
1504
1138
609
-23
-651
-1325
-1850
-2270
-2537
-2752
-2630
-2222
-2060
-1986
-1896
-1890
-1565
-834
-206
140
324
178
-224
-477
-884
-1626
-2195
-2471
-2888
-3299
-3354
-3285
-3317
-3129
-2868
-2901
-2773
-2391
-2280
-2225
-1771
-1272
-853
-503
-352
-343
-228
73
449
791
1319
2493
3699
4397
4823
4991
4695
4636
4949
4627
4183
3983
3614
3243
3134
2701
2127
1698
883
39
-682
-1450
-2193
-2748
-3287
-3492
-3191
-2957
-2719
-2433
-2309
-2168
-1773
-1387
-1017
-515
-155
26
282
579
622
593
488
78
-491
-856
-1264
-1944
-2360
-2450
-2299
-2159
-2010
-1757
-1592
-1570
-1421
-1278
-1431
-1509
-1288
-1044
-758
-263
287
960
1710
2623
3384
3780
4337
4822
5160
5437
4724
3530
3461
3678
3405
3687
3475
2386
2361
2539
1391
304
3
-618
-1231
-1462
-2094
-2810
-2765
-2478
-2500
-2487
-2341
-2102
-1782
-1475
-1032
-612
-419
-282
-249
-668
-978
-1033
-1466
-1737
-1755
-2061
-2361
-2312
-2530
-2779
-2635
-2407
-2212
-1933
-1571
-1382
-1299
-1049
-678
-479
-187
155
424
784
1094
1389
1814
2265
2887
3662
4042
4176
4321
4208
4057
4163
3913
3508
3519
3248
2590
2103
1628
675
-122
-497
-1095
-1849
-2380
-2899
-3541
-3774
-3708
-3842
-3862
-3771
-3781
-3673
-3475
-3026
-2268
-1700
-1237
-630
-257
46
679
1150
1312
1443
1381
946
325
-144
-651
-1166
-1472
-1389
-1375
-1387
-1245
-1266
-1123
-729
-298
-48
244
336
299
553
899
1342
1781
2052
2399
2856
3099
3272
3645
3868
3915
4230
4335
4041
3916
3887
3313
2510
2102
1474
671
183
-361
-1168
-1678
-2031
-2783
-3519
-4100
-4475
-4647
-4667
-4454
-4202
-3933
-3311
-2729
-2389
-1721
-966
-454
147
541
658
892
1043
948
824
638
220
-275
-706
-1044
-1561
-1872
-1704
-1691
-1625
-1120
-758
-652
-419
-226
-236
14
453
615
713
1216
1833
2238
2910
3721
4267
4720
5332
5820
5803
5769
5837
5362
4696
4249
3454
2496
1943
1191
224
-495
-1208
-1857
-2298
-2881
-3550
-3974
-4434
-4849
-5112
-5293
-5206
-4937
-4511
-4093
-3811
-3348
-2693
-2114
-1665
-1093
-386
78
202
454
495
-31
-230
-284
-956
-1428
-1440
-1820
-2179
-1974
-1732
-1605
-1295
-884
-546
-220
355
649
581
773
1123
1296
1626
2133
2416
2845
3595
4245
4659
5076
5457
5481
5286
4992
4448
3847
3379
2894
2318
1817
1241
555
-35
-589
-1134
-1607
-2024
-2550
-3103
-3573
-4053
-4394
-4488
-4452
-4330
-4052
-3688
-3250
-2848
-2557
-2223
-1785
-1370
-939
-525
-317
-73
103
38
-125
-372
-618
-645
-661
-868
-766
-523
-450
-160
314
539
598
938
1209
1150
1304
1632
1644
1705
2167
2479
2623
3101
3639
3865
4240
4629
4716
4721
4660
4310
3673
3003
2373
1659
1060
702
166
-389
-682
-1213
-1997
-2552
-3038
-3531
-3890
-4166
-4385
-4583
-4524
-4119
-3789
-3409
-2866
-2381
-2049
-1785
-1475
-1092
-715
-315
77
342
744
946
817
822
785
612
689
697
389
392
439
178
-48
-210
-196
-180
-283
-318
-488
-768
-653
-375
-412
-102
557
974
1330
1879
2350
2575
2794
2894
2646
2464
2398
1959
1407
1157
857
523
464
276
105
-66
-295
-602
-1040
-1346
-1421
-1546
-1964
-2139
-2343
-2787
-2912
-2782
-2892
-2795
-2419
-2309
-2197
-1871
-1616
-1328
-821
-438
-71
383
851
1167
1270
1380
1425
1284
1172
1087
794
481
436
316
8
25
160
1
-40
199
77
-51
208
323
409
866
1303
1574
1978
2318
2588
2714
2686
2761
2808
2662
2568
2344
1830
1610
1513
1094
870
692
310
56
-204
-608
-1074
-1601
-1948
-2161
-2551
-2758
-2963
-3428
-3451
-3364
-3595
-3433
-3114
-2980
-2548
-1971
-1703
-1369
-949
-622
-158
296
665
972
1125
1227
1313
1344
1281
1230
1332
1224
991
1039
1026
755
894
1017
813
1108
1281
1074
1078
1102
872
894
1044
1085
1237
1289
1393
1320
1181
1258
1161
1002
1011
924
716
520
180
-90
-337
-625
-743
-858
-1096
-1205
-1453
-1884
-2152
-2451
-2518
-2449
-2468
-2503
-2500
-2587
-2602
-2393
-2344
-2132
-1864
-1642
-1349
-1148
-924
-603
-156
146
490
882
1177
1406
1575
1720
1577
1472
1553
1543
1379
1354
1410
1327
1208
1203
1211
1228
1325
1264
1011
753
691
356
258
383
205
272
461
499
397
429
505
239
137
22
-215
-409
-538
-551
-650
-697
-496
-348
-367
-110
-166
-453
-623
-986
-1273
-1369
-1438
-1501
-1456
-1578
-1565
-1476
-1524
-1355
-1290
-1273
-980
-735
-626
-214
109
361
819
1158
1236
1283
1262
1186
1243
1176
1254
1368
1445
1706
1891
1846
1882
1857
1623
1454
1357
1200
819
843
859
416
380
363
197
167
423
359
78
415
220
-193
-211
-430
-702
-624
-703
-805
-636
-687
-407
-109
-376
-345
-329
-648
-763
-921
-1248
-1558
-1790
-1934
-1913
-1880
-1649
-1434
-1237
-962
-852
-684
-641
-425
-126
-44
107
281
122
93
293
61
49
80
7
229
260
483
660
886
1230
1362
1198
1116
951
596
705
393
146
-12
-213
-196
-135
-169
-248
-6
-69
-133
167
-13
-350
-3
-227
-580
-269
-404
-633
-320
-253
-269
-78
-16
-66
45
59
-98
-168
-315
-475
-425
-343
-393
-320
-363
-393
-342
-256
-223
-86
60
113
220
231
255
285
474
585
805
973
1014
1356
1377
1221
1467
1296
941
766
603
183
-60
-64
-480
-720
-720
-757
-873
-310
-267
-395
283
-233
-312
284
-449
-223
236
-391
39
269
-74
356
181
258
595
117
508
506
72
407
174
-120
-27
21
-229
-653
-485
-485
-843
-877
-500
-808
-674
-168
-258
-20
287
603
475
458
673
498
526
750
725
540
889
778
448
756
605
309
346
86
-225
-561
-576
-818
-954
-497
-707
-264
81
-281
222
560
-405
371
389
-776
159
-362
-873
-514
-1078
-1011
-1063
-1314
-747
-913
-775
-43
-251
-345
89
-497
-268
-15
-933
-402
-910
-1316
-974
-1261
-1247
-892
-839
-623
-168
-122
177
535
816
702
1020
1097
855
1231
1352
1216
1664
1891
1700
2244
1934
1626
1606
1370
1019
777
668
166
302
-22
-378
-268
-116
-325
-238
467
18
-200
245
-307
-817
-572
-816
-1212
-1515
-986
-1302
-1760
-1042
-882
-1085
-883
-444
-779
-1118
-402
-379
-991
-639
-139
-734
-846
35
-422
-591
-82
-97
-141
46
523
371
293
661
710
465
613
741
684
635
780
953
751
995
1437
1094
982
1530
917
783
1024
654
502
533
524
357
221
523
485
446
536
775
566
249
1002
640
94
779
547
-176
241
267
-339
-293
-119
-202
-341
-110
418
-291
-302
248
-851
-927
-776
-1360
-1577
-1488
-1498
-1737
-1720
-1345
-1402
-1668
-1243
-1018
-1472
-1134
-910
-923
-977
-749
-438
-821
-655
54
-435
-385
310
52
-458
326
197
-380
218
-80
-117
-146
-71
530
141
259
929
911
330
1299
1058
482
1303
836
1160
602
904
1305
17
1061
1212
364
1231
1154
1002
1273
1393
1347
1134
779
943
304
-343
-172
-711
-1054
-1103
-756
-1429
-1301
-679
-1337
-1163
-765
-860
-1155
-843
-657
-1294
-552
-589
-681
-11
-176
-184
338
122
81
643
104
376
469
35
484
191
-38
594
32
-63
323
-209
72
207
-401
627
160
-171
1368
300
472
1081
-28
559
308
-89
739
-257
313
612
192
553
648
667
676
397
1105
231
160
806
-466
-397
-181
-920
-995
-318
-1030
-251
-535
-416
160
-808
-118
-19
-711
-58
233
-689
461
-12
157
347
-49
235
210
-202
195
-37
-160
-423
-292
-387
-909
-214
-326
-589
-449
234
-224
-495
671
183
-423
742
188
-233
159
93
-153
-359
-129
-23
-432
-107
438
114
540
662
1002
483
743
902
-32
246
-70
-338
-958
-875
-990
-1392
-1023
-794
-1059
-757
-611
-708
-269
-765
-354
-9
-689
-233
201
-351
393
864
560
1076
1233
1075
707
1117
149
367
323
-264
156
-96
-86
-429
18
-336
-556
-273
-413
-329
-182
-109
-110
-149
-126
-577
20
-22
-805
551
434
-415
707
1557
0
1522
1512
732
1365
1161
1259
1167
309
1087
680
-674
726
-126
-955
-516
-404
-1497
-871
-614
-1449
-482
-1011
-883
-447
-1021
-821
-336
-822
-540
111
-148
187
761
734
955
780
1245
975
581
1157
790
431
1034
956
555
649
1274
236
19
739
-758
-614
-334
-1238
-1357
-791
-1939
-848
-1280
-1593
-301
-1348
-60
10
113
432
660
307
720
419
267
232
-199
590
-417
-209
817
-842
-80
879
-699
330
609
-531
53
240
-1024
216
-587
-694
216
-526
63
-222
331
-180
-60
533
-185
136
167
198
-418
530
125
-335
818
4
-102
877
-65
600
480
683
758
204
733
-112
-325
-232
-1011
-881
-662
-1518
-347
-431
-1163
295
-165
-409
714
152
363
533
75
517
-125
-168
422
-356
38
428
-45
156
-35
310
-388
-235
-16
-994
-277
-241
-1110
44
-646
-1120
207
-1088
-966
551
-1365
-236
823
-1427
578
184
-628
292
386
27
580
845
503
1279
642
796
1483
331
961
1607
478
1048
1228
250
824
326
231
478
-60
-192
621
-569
-139
616
-823
-81
247
-891
-85
-253
-631
-447
-466
-555
-720
2
-397
81
540
431
824
728
699
1063
289
114
759
-463
-394
500
-779
-421
312
-470
20
-335
-189
-208
-1161
-183
-533
-1687
-162
-948
-1189
-680
-415
-1005
-545
265
-324
-398
958
-367
94
884
-390
607
476
-435
778
281
-536
732
-348
-328
-286
44
-593
133
75
221
288
85
585
-16
-89
470
-14
-362
975
-447
382
745
-231
670
772
-539
1136
398
-632
1451
-307
-173
575
-583
-152
-74
-377
-326
-241
-726
-237
-692
-492
-392
-864
-618
-867
-1207
-932
-1138
-1389
-550
-1060
-805
-375
-561
-484
-38
-239
71
19
449
481
554
911
707
1229
910
1041
1392
1152
1047
1380
1429
709
1181
1169
396
239
1085
-430
251
772
-568
871
209
22
915
7
10
887
-225
297
490
-106
206
320
-314
96
-47
-824
136
-718
-324
-277
-806
-223
-1123
-790
-710
-1195
-840
-658
-745
-624
-431
-155
-889
-16
-568
-829
-175
-756
-405
-234
-47
-254
362
-221
172
402
40
486
698
367
420
1071
241
584
1074
308
669
833
496
363
649
310
-133
590
-230
-165
702
-765
570
70
-801
685
-593
-155
-87
-244
-261
-270
86
-563
142
-170
-815
435
-713
-727
352
-1115
-562
-141
-817
-719
-557
-476
-1205
-620
-670
-1130
-159
-920
-219
-204
-840
131
-528
-564
265
-211
364
193
463
832
113
947
1000
406
1506
805
872
1318
358
1375
699
767
1142
872
896
826
894
460
319
182
187
-130
58
146
-329
-46
-174
-581
106
-563
-675
326
-659
-870
739
-1144
-421
121
-1032
72
-753
-444
-528
-667
-922
-750
-631
-1334
-569
-636
-1692
-207
-946
-1302
-141
-1152
-883
-341
-385
-825
103
107
-384
357
768
-27
984
1149
355
1559
1191
1226
1484
1698
1403
1682
1872
1106
1622
1570
1045
1498
1427
1017
986
1467
534
570
1093
-148
229
402
-473
-370
-175
-741
-943
-392
-1064
-1122
-316
-1399
-802
-564
-1310
-696
-744
-1298
-592
-1148
-843
-1129
-473
-1263
-853
-312
-1481
-135
-811
-688
-419
-379
-799
-312
-601
-631
-387
-736
-285
-311
-590
391
-165
-290
767
-340
171
756
-432
728
726
-203
896
346
-30
531
126
454
229
113
1108
-103
877
940
194
1272
183
816
796
-71
939
400
239
527
684
576
331
1004
524
532
541
551
114
-176
378
-621
-671
104
-1160
-732
-370
-1363
-697
-785
-1181
-766
-927
-980
-693
-827
-943
-400
-748
-767
-525
-375
-774
-189
50
-70
261
590
431
819
585
647
1203
226
1153
608
1113
565
1104
1057
674
1113
612
829
420
482
289
220
353
-221
526
127
-289
336
159
-181
-46
519
-272
-87
599
-512
272
-66
-110
105
-544
-75
-421
-331
-800
-505
-438
-942
-391
-756
-389
-814
-895
30
-1397
-872
198
-1638
-417
-281
-814
-95
101
-166
295
672
-334
910
304
-226
808
242
135
740
371
575
378
799
252
561
375
-45
587
-305
2
68
-354
-623
-73
-704
-812
-242
-1202
-373
-743
-1035
19
-636
-701
140
-268
-332
22
244
-36
-66
456
138
190
716
564
112
914
311
295
390
307
228
264
450
230
230
116
669
-429
511
522
-592
854
241
-342
861
386
107
579
949
60
558
1237
-338
738
1002
-427
945
737
-376
426
552
-633
-203
235
-1412
-627
-308
-1678
-942
-569
-1745
-586
-1192
-974
-972
-1148
-651
-1256
-819
-610
-1179
-175
-530
-727
449
-250
-276
747
334
-306
977
363
-123
974
424
-102
888
471
-131
567
455
-391
678
4
-216
309
51
-278
-347
535
-744
74
838
-504
681
564
242
580
610
982
429
1622
661
1074
1737
349
1768
1301
434
1592
624
453
983
403
306
403
378
-98
-2
-96
-515
-385
-232
-873
-431
-786
-1210
-729
-1244
-1207
-935
-1072
-1195
-786
-756
-759
-702
-465
-798
-676
-769
-197
-1249
-267
-151
-1363
191
-235
-1039
513
-329
-941
740
-930
-138
105
-782
186
109
-672
828
-24
283
651
439
453
426
933
121
585
563
61
618
-5
180
749
-69
261
733
84
-523
1251
-707
-728
1079
-1383
-653
-17
-1409
-434
-834
-690
45
-841
315
60
-337
638
135
223
547
312
437
577
144
790
805
546
1114
1169
1103
944
1427
916
969
766
734
514
-293
616
-489
-242
5
-418
-6
-153
-268
-23
209
-686
49
295
-1072
78
244
-1544
176
-162
-1093
-104
113
-863
431
220
-753
1234
-398
159
461
-326
-248
216
-334
-786
558
-1068
-675
239
-1167
-165
-140
-371
-348
-397
386
-989
-323
391
-1160
-482
-128
-549
-1066
315
-57
-607
517
659
273
290
1294
29
325
823
-9
74
376
-233
52
277
-71
415
609
-131
586
707
-380
985
-63
226
242
-275
642
-826
180
40
-1033
300
67
-608
371
243
-572
131
151
-545
-133
-244
-602
-797
-579
-691
-937
-398
-649
-346
-262
-423
23
-413
-43
-777
17
-61
-948
373
-222
-584
52
344
-180
113
1123
248
317
1272
460
545
813
687
-14
956
380
143
1073
250
1104
1007
1214
1268
1283
812
1131
598
215
282
-126
-192
-305
-336
163
-644
-68
606
-1219
534
167
-1081
312
-294
-1016
-415
-692
-1224
-725
-1185
-1208
-796
-1163
-394
-753
-448
59
-262
15
235
-239
-188
-32
-788
-440
-549
-594
-398
-447
94
110
142
502
561
567
29
1236
-19
-304
1296
-787
-268
1056
-911
93
1030
-210
518
1250
539
668
1593
30
853
1029
-49
440
459
184
-124
381
109
171
362
506
587
603
137
1149
-57
-133
748
-715
33
-473
-986
-179
-1052
-1396
182
-1538
-1288
285
-1077
-1503
611
-1137
-1364
358
-1378
-882
-548
-1158
-935
-823
-469
-710
-267
-72
-294
228
314
353
530
845
316
676
636
-18
804
177
66
722
140
462
726
204
798
4
182
791
-694
342
351
-1294
448
-553
-839
349
-946
172
131
-558
622
122
-89
693
487
172
821
459
344
922
83
811
687
94
1107
406
660
660
364
524
-46
103
-277
-777
-231
-889
-738
-313
-928
-444
-468
-1137
-325
-741
-1090
-274
-845
-601
-227
-403
-125
-123
108
-48
706
80
415
1326
297
817
1536
629
753
1041
949
-87
1188
797
-89
1144
208
423
519
414
143
123
288
-940
-49
-253
-1499
-254
-555
-1240
-131
-490
-709
-355
-211
-539
-236
-157
-519
-306
-319
-898
-109
-797
-677
-547
-834
-168
-608
-101
434
-599
49
732
-1131
403
-162
-800
82
-372
-619
318
-657
-84
262
-122
94
339
362
153
617
254
747
150
208
1151
-509
404
577
-295
530
219
736
309
815
1006
202
734
331
-49
307
-179
-159
-268
56
-505
-243
108
-461
133
-256
103
28
-693
708
-511
-613
493
-592
-224
110
-212
-138
62
-447
266
-179
-735
667
-538
-507
828
-661
-38
442
-176
103
325
97
-219
699
-190
171
366
-471
425
-563
59
104
-500
580
72
92
626
431
563
405
708
258
517
57
149
513
-539
179
198
-615
16
95
-502
3
267
-270
255
-221
106
56
-143
-17
63
-397
-380
-72
-361
-829
304
-404
-346
466
-39
178
304
235
187
-312
89
-575
-473
-337
-517
-400
-159
-396
-144
144
-427
345
103
-31
477
-44
21
57
-208
-505
220
-431
-465
417
-409
85
378
71
597
102
558
282
83
508
327
-212
505
-557
220
-424
-405
150
-985
381
-598
-80
53
-587
311
-192
-349
161
-352
-211
-145
32
-361
349
23
-168
-43
-7
-259
-489
449
-635
202
150
127
-76
584
362
167
714
135
467
311
-15
389
152
-140
376
54
229
-133
702
33
-288
1306
-327
-9
1153
-489
-183
949
-1066
227
3
-968
572
-550
98
154
-350
389
333
-431
384
1
-639
347
-247
-760
211
-560
-532
-81
-442
-180
55
-93
234
134
292
49
331
133
-198
9
79
-374
72
-187
439
-296
-60
1422
-1253
1201
988
-1271
1568
-90
-835
701
-774
-621
222
-541
-107
430
-112
220
337
154
-79
431
-150
-357
252
-490
-353
82
-122
-750
676
-716
-45
915
-853
721
847
-1164
1575
-197
-889
1861
-1989
512
116
-1547
309
-377
-1068
555
188
-461
990
157
-485
796
-717
-453
134
-1210
-366
-46
-738
-169
533
-849
675
40
239
294
227
706
-231
603
139
-404
-168
-565
-388
-595
-16
-212
-143
636
80
653
1100
164
428
816
-917
29
392
-1551
422
-257
-783
713
-266
452
627
13
894
426
190
410
517
-496
236
295
-1044
845
-670
421
-279
536
233
-56
950
27
264
513
4
-312
-104
-674
-199
-1289
231
-884
-697
389
-482
-253
755
-424
369
445
-391
443
-270
-307
-84
-206
-639
-63
291
-1088
657
261
-1125
1500
-634
-67
672
-412
246
343
-297
133
41
-772
436
-363
-564
866
-281
-23
1284
-396
671
747
-34
417
216
516
-131
415
-143
423
-537
472
268
-444
454
439
-119
-149
825
-711
-339
256
-345
-845
261
-571
-174
-415
-229
-100
-503
-260
372
-379
-414
805
-658
-248
584
-714
-113
100
-760
-41
60
-591
76
546
-860
733
442
-727
932
-191
-363
308
-668
-89
-125
-653
-25
-18
-893
373
-81
-485
801
-372
586
202
-91
498
-322
36
365
-497
312
167
-461
44
192
-774
524
202
-668
1233
-319
342
931
-515
885
662
-787
1425
-136
-171
1348
-547
691
454
216
492
312
397
356
337
156
270
155
-278
358
-739
-581
352
-1508
194
-251
-1035
382
-686
61
-429
-55
204
-988
131
-293
-778
-235
-60
-666
-453
17
-254
-851
847
-291
-540
1293
-692
90
554
-634
326
-157
-235
673
-926
456
296
-740
570
564
-608
1037
302
-233
1260
-308
456
954
-293
603
718
-150
176
649
322
-395
1333
239
-444
1221
-277
-197
415
-495
-122
-95
-506
143
-390
-419
235
-271
-485
511
-611
-426
154
-814
7
-258
-158
-61
-406
-118
-226
-587
-265
-303
-484
-334
290
-547
92
601
-596
301
234
-718
337
-664
-247
-363
-317
-318
149
-517
32
195
-233
27
197
542
-878
1303
-122
-348
1107
-716
386
4
-526
1258
-926
804
573
-516
1049
-67
99
583
-61
154
1029
-762
914
389
-683
1038
-134
-452
861
-269
116
513
-16
577
-159
547
41
-219
249
112
-795
330
-261
-992
488
-998
-334
36
-1028
151
-190
-618
429
-320
-121
-372
12
-582
-333
70
-751
330
-157
-35
505
67
172
481
367
92
174
820
-569
543
169
-439
753
-552
554
232
-469
1049
-55
236
633
86
492
-313
314
199
-1058
537
-683
-718
46
-1032
-66
-390
-911
753
-242
-499
1342
-687
28
767
-696
205
172
-569
447
-173
-530
920
-615
332
715
-76
911
540
90
903
-543
510
-187
-369
857
-1377
816
-268
-737
861
-439
-137
276
-127
-146
93
-57
-519
481
-860
-130
310
-1559
595
-627
-419
86
-33
515
-331
394
437
-878
393
-231
-736
53
-619
-285
-607
-501
-43
-511
128
627
29
385
778
-372
497
74
-531
415
-195
-345
282
-466
-377
184
-847
81
-18
-641
869
-384
113
731
62
202
609
-108
1
-439
215
-728
-152
521
-1034
835
-15
4
1206
710
465
1947
378
657
1184
80
-28
686
-239
-233
487
-544
341
-183
668
-169
667
584
134
428
449
-260
-203
314
-1365
-46
-574
-1222
-692
109
-1478
118
75
-989
292
32
-721
259
-134
-663
100
-754
-269
-1036
-318
-992
-744
294
-866
274
754
-282
947
467
184
901
-315
542
-377
95
-614
18
-323
-680
661
-543
310
867
-48
903
517
163
915
-480
290
41
-1059
680
-629
-309
1067
-666
768
527
34
903
444
1060
218
954
369
-222
695
-489
56
-2
-600
396
-811
149
234
-544
574
121
-26
128
221
-423
-380
-152
-1190
-539
-848
-1289
-487
-931
-628
-129
-190
-6
167
395
-167
-136
152
-720
-642
443
-1159
-82
133
-684
140
206
207
444
383
1144
-226
452
409
-660
29
-565
-40
-763
168
-143
-152
371
-25
986
11
443
1461
-369
737
1265
-570
700
368
-398
68
122
-315
81
333
56
538
270
409
216
228
23
-23
-343
-76
-712
-419
-84
-1095
292
-626
-392
527
-479
199
296
-259
130
100
168
-127
-244
535
-1097
69
-47
-1126
-64
-113
-905
174
321
-408
987
408
-193
861
107
-582
735
-276
-194
714
-188
488
155
616
768
339
1063
915
250
1182
367
432
355
-215
450
-899
-61
-349
-948
-154
-159
-679
615
-346
-35
594
-598
630
-258
-173
58
-727
-398
-641
-942
-410
-896
-303
-540
-241
163
-146
594
-59
163
272
-267
-550
291
-1493
-398
-673
-1640
-93
-876
-491
266
42
517
622
243
930
-471
507
-322
-273
445
-667
378
45
-416
444
271
-454
1011
46
348
650
316
438
300
400
-223
-240
-42
-691
-127
31
-699
765
86
-25
1161
444
7
1513
-2
-203
1150
-294
-397
675
-320
-780
673
-243
-781
936
-274
-542
1232
-1085
212
572
-797
151
248
-930
-172
130
-815
-194
287
-563
274
705
-481
1505
-31
265
1320
-419
-27
658
-552
-496
582
-370
-443
447
191
-680
973
322
-524
1365
-457
-30
577
-594
-291
-23
-1071
-415
-155
-822
162
50
-306
348
-82
96
62
91
-186
-258
-251
-830
-289
-551
-769
-115
-423
-537
281
-481
3
226
-332
457
9
-15
555
-4
59
403
-251
186
-102
45
206
302
355
746
588
557
831
714
77
785
391
-50
278
212
-310
-118
42
-437
-63
298
-98
161
650
13
170
830
-581
527
-53
-629
-162
-500
-876
-510
-267
-1063
-104
-29
-985
319
238
-951
730
27
-761
334
-253
-754
-399
-149
-1134
-346
-356
-1153
248
-848
162
-10
-444
776
-571
276
215
-635
674
-558
-360
633
-1372
628
-45
-342
874
346
256
934
416
471
715
284
530
-268
681
-829
263
215
-734
933
263
165
1289
677
410
1396
529
461
1112
-135
33
171
-803
-87
-157
-503
426
238
211
873
416
203
529
321
-439
228
-378
-901
-281
-676
-1165
-281
-412
-839
95
275
-669
678
398
-586
817
-305
-429
-83
-833
-530
-561
-722
-35
-573
-407
369
-357
286
789
-143
1239
206
562
419
-7
105
-130
-137
-264
-200
-141
-43
-577
719
-467
52
1001
-549
637
544
-375
517
-40
-240
-117
-613
-67
-639
-407
-92
-336
-236
220
91
54
410
369
123
-123
534
-661
-212
-63
-816
-411
-176
-445
-344
-87
13
-504
192
356
-833
856
-549
-530
203
-379
-1349
751
-1479
-586
304
-903
133
524
248
244
1008
14
887
361
0
529
147
-940
1415
-738
-347
1615
-864
326
1374
-56
457
1481
-18
505
620
-69
-12
225
-258
-73
-94
-187
108
-190
131
241
-85
226
851
-75
1002
599
283
319
315
-119
-212
-28
-1305
381
-1685
19
-161
-1309
1280
-378
-350
2133
-1168
852
1029
-1372
629
-508
-1292
-640
-653
-1188
-471
27
-580
240
412
-82
457
647
-260
583
161
-507
120
-510
-406
-523
-395
-123
-706
135
556
-885
1115
222
-365
833
436
-920
886
-38
-730
759
72
-409
640
662
-467
1209
55
439
316
344
206
-112
181
-54
-874
-57
-665
-947
-137
-714
-478
-127
78
-260
350
226
321
-85
684
2
-659
708
-881
-701
583
-1103
77
200
-136
491
159
906
352
635
868
511
-144
1165
-558
-287
954
-1220
82
380
-1019
340
2
-470
205
-81
-259
-246
258
-837
72
-399
-574
-137
-370
-123
-710
839
-621
-148
1137
-1095
521
697
-1301
912
-441
-1103
624
-1069
-475
225
-583
-503
991
-721
450
918
-621
1012
190
-10
225
376
-911
403
-680
-796
272
-869
-54
694
-44
856
1496
162
1656
982
130
931
453
-854
893
-979
-225
220
-877
707
-243
485
369
652
720
252
1054
416
-658
1444
-1175
-506
790
-1682
-3
124
-917
-45
-5
-363
-160
185
107
-206
560
-156
28
-35
-250
-545
-448
-565
-893
168
-856
-105
656
-766
773
640
-549
1153
263
-193
795
-237
38
-92
-582
208
-1084
-380
13
-1467
250
-114
-589
278
203
-271
68
289
-621
-312
15
-1161
-213
-32
-1357
779
-377
-402
1177
-77
496
858
377
233
832
44
87
521
-227
228
204
-482
676
-344
63
463
-161
407
440
362
179
347
-26
-129
-303
-498
-457
-1073
-312
-725
-642
290
-170
220
573
269
331
352
423
-287
273
-195
-605
104
-998
-130
-626
-344
16
-81
105
427
343
200
885
214
70
1075
-588
296
451
-888
400
-268
-314
219
74
183
270
470
503
374
954
329
516
631
-287
73
76
-994
9
46
-1042
742
-262
-280
270
-10
-412
64
-299
-391
-34
-850
340
-746
-547
503
-1066
407
398
-89
910
67
983
-9
553
333
-181
203
118
-402
-137
209
-804
83
97
-718
353
41
-253
382
17
491
-536
582
-341
-940
366
-852
-1027
105
-887
-951
71
-597
-523
319
64
-50
397
100
82
-355
401
-573
-190
671
-506
521
574
-21
-50
924
-184
-64
1555
-314
300
1761
-712
521
876
-988
503
48
-422
102
270
-307
134
354
-609
406
-440
-265
-172
56
-377
269
-60
-26
14
-378
267
-993
217
-126
-917
566
-533
-270
71
-274
139
-306
785
-517
593
628
-939
1505
-797
-208
581
-813
-325
234
-408
-265
489
36
-2
278
274
-246
310
-174
209
-446
231
-159
-731
468
-657
-379
143
-505
-160
167
-414
268
-293
157
138
-220
724
-282
469
619
-322
867
129
-207
760
-104
233
439
528
209
882
230
444
773
-363
924
203
-321
548
-34
-949
506
-849
-599
295
-883
330
-136
-362
557
-340
-35
467
-692
44
-177
-573
-29
-62
-359
51
109
-716
631
-321
-323
1152
-1047
1315
-396
-62
884
-1226
558
-171
-925
167
-600
-908
349
-1454
676
-597
-246
762
-122
-126
964
-281
81
639
-576
515
-283
-98
-149
-237
-380
358
-423
489
608
-530
1449
-461
454
494
264
-375
488
-414
-377
-512
-32
-923
-132
-185
-263
512
-555
1319
-735
427
244
-154
-231
542
-226
-194
461
-229
-181
464
-257
91
456
-203
714
-118
644
253
-132
514
-463
-417
166
-1025
-577
52
-1611
137
-621
-493
300
-124
363
144
411
20
25
411
-440
140
176
-452
475
213
-406
991
-233
190
476
368
237
627
941
-459
1018
-138
-434
160
-509
-554
-116
-616
300
-487
665
-126
108
598
-470
666
-140
323
-155
254
-379
-107
-105
-91
80
-322
466
-341
277
382
154
707
-16
855
-57
-384
546
-915
-409
300
-1201
-160
-231
-557
-95
253
-61
232
751
-243
443
134
-636
406
-908
-154
-100
-688
447
110
-154
892
-157
232
552
89
308
210
426
-432
304
-109
-780
337
-1102
2
-446
-582
455
-572
167
359
-622
897
-646
459
-310
-195
-250
-318
-612
-546
-320
-1065
32
-655
-330
-9
362
-880
1332
-338
-314
1407
-627
189
832
-336
2
864
-895
725
-82
-130
540
-78
728
158
909
295
1054
-16
1109
-39
-75
541
-610
-31
-273
-469
-430
-488
-377
-19
-741
928
-644
454
153
21
-64
-113
42
-492
-114
376
-681
232
545
-1028
860
-62
-504
761
32
-68
639
458
-306
868
88
-299
163
280
-1116
749
-549
-393
379
-611
270
-363
698
13
308
955
-226
572
161
-414
270
-491
-370
298
-862
-2
265
-725
180
290
-429
89
405
-326
-122
800
-882
534
19
-680
597
-666
188
-476
15
-327
-526
182
-856
95
-88
-147
91
462
-318
608
-9
-262
393
-721
519
-779
449
-411
31
-196
468
-580
647
518
-642
1351
-461
454
-111
574
-666
511
-377
220
-729
746
-205
-725
1148
-878
-82
495
262
-896
1931
-1007
802
372
-7
220
-258
386
-1135
612
-1057
716
-1144
1121
-614
266
594
-528
646
-194
159
-222
311
-936
623
-1067
135
-880
-4
-496
-358
95
-23
-558
513
39
-686
1068
-761
308
-247
477
-673
463
138
-775
674
-720
155
-124
488
-171
543
178
86
176
147
401
-262
629
-101
-175
232
-291
-193
-195
-47
-560
508
-630
476
125
22
602
116
355
9
529
-446
426
-328
249
-523
289
-108
-198
366
503
-208
755
306
-373
1072
-484
799
-64
346
-15
414
-518
430
-189
-564
508
-981
-118
-103
-509
-189
623
-808
729
248
-521
614
16
-887
571
-495
-1127
864
-1300
35
107
-363
-479
1033
-1151
711
335
-520
616
-32
-336
126
176
-706
614
-322
-148
289
-97
-184
688
-293
183
274
-208
-94
122
-438
47
-428
-157
35
-835
642
-537
-447
702
-362
-320
891
-205
-345
917
-446
-265
337
-378
-333
106
-151
-119
132
116
331
-386
945
-448
-88
436
-527
75
466
-77
-263
1143
-911
686
237
-387
585
-282
85
235
-167
276
53
63
-161
170
35
-701
824
-691
-78
288
-111
-330
632
58
-619
1211
-708
-72
650
-823
-26
196
-550
-60
174
-260
152
28
261
-54
125
371
-66
-199
638
-476
155
238
-38
320
-268
871
-721
370
424
-455
450
130
-119
-177
338
-409
-99
395
-485
4
315
-700
8
33
-567
120
-285
-165
-113
-395
213
-453
53
131
-286
480
-434
621
-310
212
384
-330
547
195
-130
578
-205
292
-78
125
334
-648
903
-868
514
-416
308
-57
54
569
-473
503
43
-287
-28
197
-1241
611
-602
-712
604
-932
-103
-129
-350
80
-184
393
-87
-291
1091
-1024
743
132
-465
381
117
-228
47
703
-1157
1061
-284
-861
1231
-859
-217
1267
-1351
826
300
-860
805
-476
-397
204
-217
-537
514
-185
-223
580
-165
-35
123
206
-584
427
-345
-32
-148
8
-253
-28
-189
174
-459
435
-329
-253
300
-589
249
-47
141
-248
842
-542
527
223
13
99
451
-174
181
581
-216
481
202
80
-29
540
-274
293
121
47
-27
230
-126
-134
266
-341
362
-328
190
155
-417
641
-522
169
228
-220
106
96
56
-289
593
-554
202
-72
128
-408
596
-218
-176
446
-263
-276
632
-560
-119
774
-1021
906
-205
58
-5
230
-502
241
-67
-291
319
-340
200
-194
87
-106
-29
-177
-31
-266
11
-395
126
-524
-179
78
-771
470
-691
318
-664
339
-407
-284
485
-535
9
174
-522
5
216
-528
365
116
-174
495
-33
-26
362
-154
-80
447
-541
647
-419
388
-2
62
476
-435
706
-455
179
196
-297
76
118
-378
26
10
-476
311
-425
180
71
-193
248
182
-449
707
-295
41
566
-414
630
-248
320
-155
-13
-14
24
-319
536
-269
60
808
-782
827
122
-550
971
-313
-146
778
-542
93
412
-241
-88
400
-399
31
107
76
-334
507
-322
-243
308
-385
-41
279
-275
1
517
-803
835
-663
123
-174
-93
-472
572
-514
78
398
-778
711
-611
363
-487
593
-731
254
82
-605
301
-356
-39
-168
126
-120
-251
180
-195
-177
289
-66
-248
524
-257
-28
691
-467
585
-40
266
-65
336
174
13
206
411
-308
638
85
-78
376
-100
168
-265
534
-826
668
-446
-181
138
-469
-184
-4
-194
-493
517
-967
736
-683
299
-124
-393
388
-687
363
-414
71
-432
268
-482
-57
594
-862
1082
-291
-129
720
-478
320
162
-125
76
410
-372
521
44
-32
188
211
-577
548
-314
-688
680
-1024
98
-54
-170
-695
1344
-1451
1003
37
-777
1092
-838
310
-128
75
-301
523
-426
297
-33
-197
-207
83
-468
-70
412
-953
1252
-754
411
113
164
-385
726
-209
-37
872
-637
831
-203
354
-112
217
40
-174
491
-301
262
299
-378
328
30
-459
456
-360
-124
375
-444
530
-141
394
-210
294
-170
-239
305
-502
-56
142
-668
319
-315
-383
352
-795
691
-647
642
-258
356
129
164
340
145
359
310
415
2
816
-459
951
-447
381
262
-314
180
359
-672
527
-283
-559
434
-953
397
-700
289
-322
-422
539
-1073
391
-383
-606
190
-254
-542
636
-899
351
-192
-707
415
-641
-99
-79
-418
-464
656
-1314
971
-546
-368
445
-325
-250
632
-397
-158
662
-1243
957
-803
420
-27
-12
417
103
257
852
-221
767
563
-313
1346
-581
940
86
-46
402
-85
-154
677
-554
493
207
-562
709
-687
304
-366
-23
-251
-466
327
-930
68
-290
-528
-65
-221
-82
-281
390
-598
291
-242
85
-177
279
18
-57
937
-733
1005
-286
109
74
50
-284
253
-254
51
114
-228
264
-204
158
-159
226
-390
550
-469
177
193
-309
267
2
23
354
27
542
68
169
481
-251
404
191
-219
585
78
-93
558
-137
-235
538
-204
-148
493
-219
-400
621
-896
-113
426
-1450
857
-521
-787
1114
-1036
276
351
-883
249
96
-1088
788
-645
-357
564
-500
-41
422
-311
36
128
-84
-456
827
-767
280
15
-262
-96
187
-256
146
-130
274
-428
543
107
-783
1870
-1875
1711
-218
-91
736
108
-320
666
-365
-207
950
-1433
1460
-1158
360
-211
-301
-325
317
-1261
1138
-1058
-15
781
-1711
1425
-1386
282
-243
-182
-511
1255
-1817
1771
-733
-483
1501
-1409
472
687
-1529
1133
84
-1120
1635
-1068
265
650
-557
413
284
-244
536
89
-128
376
-104
-262
550
-574
614
-176
-166
511
-504
470
-71
93
65
44
-8
93
162
151
-117
301
-234
317
-377
569
-792
553
-306
-298
661
-831
899
-893
483
-299
-107
98
-432
265
21
-390
884
-901
827
-355
-92
352
-518
787
-529
977
-575
805
-280
168
91
302
-468
753
-575
222
395
-738
895
-359
-404
810
-977
268
761
-1669
2041
-1857
979
-112
-856
1004
-1100
313
-131
-481
337
-39
-442
949
-1041
912
-554
251
-389
644
-969
1007
-632
130
291
-200
-278
655
-1008
369
-20
-992
801
-924
-136
320
-976
378
-366
-530
710
-1349
1064
-831
160
512
-708
554
-85
-309
534
-478
232
157
-374
436
-210
-103
277
-367
658
-639
868
-481
631
-481
831
-523
425
263
-477
1135
-695
839
156
-38
328
687
-846
1454
-849
324
620
-816
643
7
-508
357
-84
-536
379
-347
-366
125
-267
-602
560
-943
-19
178
-1084
346
-65
-961
961
-1023
328
-32
-349
200
48
-80
220
175
-36
565
-202
917
-533
879
-199
290
126
363
-283
562
202
-502
1331
-1027
858
-167
481
-672
1525
-1621
1675
-1036
283
535
-1099
951
-598
-250
391
-457
-166
426
-566
603
-335
131
2
-249
15
-448
118
-587
-75
82
-543
458
-340
355
55
-105
544
-366
1
671
-1124
978
-282
-611
1452
-1287
905
362
-810
919
-141
-691
693
-830
-111
-53
-319
-398
319
-619
-284
606
-1348
840
-215
-1157
1341
-1659
355
149
-1449
1366
-1419
575
43
-481
452
-57
-620
1117
-1116
857
248
-463
1157
-355
529
106
296
-214
474
-283
332
16
-16
72
282
-453
484
-254
-438
767
-1418
1520
-1291
674
183
-737
963
-554
59
674
-733
762
583
-842
1697
-830
587
389
-290
316
405
-810
992
-619
101
196
-91
-248
219
34
-986
1159
-1839
797
-720
-587
242
-577
-493
623
-1117
775
-539
-237
504
-1001
549
-439
127
-248
886
-898
1506
-513
261
914
-860
924
-192
77
68
826
-1080
1873
-1209
1063
13
-252
487
-450
389
-508
475
-564
751
-634
1248
-964
1157
-580
0
222
-616
252
-407
186
-424
721
-497
757
-279
567
-175
386
-95
-87
8
-397
212
-484
324
-212
100
58
-103
90
-275
197
-640
94
-518
-621
-51
-901
-206
-475
-327
-284
132
-911
879
-1204
340
21
-701
413
229
-1168
1861
-1721
816
335
-1369
1512
-797
-249
1376
-1014
793
944
-979
1684
-162
37
1170
-360
212
886
-829
1345
-547
718
216
-41
510
-121
-6
263
-455
16
-32
-527
172
-300
-356
129
-415
-222
-101
-602
238
-993
434
-864
-17
-293
-161
-364
223
-776
335
-239
-809
1129
-1683
1265
-925
412
-204
379
-639
962
-742
545
185
-293
712
-652
981
-581
884
-181
500
242
117
293
471
-105
701
163
-265
1074
-815
1039
-159
112
759
-339
647
275
31
621
-114
-24
651
-832
888
-360
-473
710
-924
454
-11
-235
465
-166
39
133
-308
313
-839
400
-528
-577
588
-1318
623
-495
-400
257
-471
-326
38
-280
-686
732
-1112
696
-296
27
280
-157
303
-251
283
-343
100
24
-409
300
-127
-257
848
-890
610
-101
-737
854
-984
415
-252
15
-90
262
-11
161
297
-292
325
-336
-190
-133
-419
-286
-31
-434
84
-137
-78
-139
200
-439
202
43
-810
749
-917
167
118
-350
194
52
435
-448
1464
-1210
1084
-97
-633
962
-338
-458
1305
-1200
941
282
-736
1079
-180
-371
1331
-873
696
457
-1017
1284
-974
394
7
-207
2
359
-436
488
-419
90
438
-560
661
-272
-33
449
-30
-388
1141
-1299
1162
-233
-159
388
-168
-149
572
-138
-259
881
-1181
952
-709
194
-99
-120
362
-329
512
-591
826
-884
761
-492
80
295
-321
243
225
-243
407
160
-191
516
-235
404
-471
602
-573
85
-122
-406
130
-314
-271
-95
-349
-833
183
-676
-516
294
-874
-22
150
-518
419
-113
-335
525
-171
-49
66
465
-311
806
673
-295
1356
-293
783
397
-104
735
-71
155
205
-367
160
-420
-580
495
-1300
431
-221
-688
220
-364
-730
355
-1487
191
-296
-1186
394
-722
-221
-43
-263
209
-501
875
-555
873
116
278
803
-272
385
308
143
328
244
94
374
59
519
-46
34
-298
231
-683
-61
-503
-677
226
-669
587
-124
83
144
618
-344
639
244
176
549
210
-220
237
-340
9
188
-654
238
-261
-330
-351
-303
-680
-211
-492
-262
31
-785
383
-355
165
424
529
362
714
597
451
958
138
837
532
301
233
364
-633
149
-90
-604
331
-455
134
-25
-490
-308
-118
-635
108
-384
-322
-178
-146
-231
162
-130
438
245
381
394
14
298
-333
397
86
-298
450
-212
163
39
-603
41
-811
401
-649
110
-480
252
73
492
-255
768
-18
865
257
649
363
452
733
-158
364
147
71
186
503
-641
769
-552
-133
-197
-804
-691
-606
-1129
-900
-686
-636
-774
-514
-388
-913
96
-547
-406
41
66
-243
742
-324
-95
780
-359
34
594
-559
477
509
-787
536
-449
-185
488
237
-265
758
-205
-145
667
-629
179
-179
97
139
142
59
112
297
492
300
815
373
341
821
-188
427
-23
307
311
158
218
-146
-14
-353
157
-601
15
-107
-86
59
-204
-331
-57
-260
-386
-19
-830
-97
-199
-314
117
-702
289
-158
-258
468
-300
708
334
43
374
-24
38
231
-129
-430
423
126
-514
951
-665
304
842
-376
317
545
-470
559
63
-550
142
-288
-44
165
-82
150
47
376
-49
302
73
-232
372
-368
68
-60
-184
434
384
-115
474
-560
309
208
-282
160
-3
43
482
93
-188
116
14
-193
46
-334
-313
-201
-541
-592
-362
-4
-274
526
-215
-28
154
-370
-147
-820
93
-615
61
-73
-746
304
-431
115
225
-240
247
-102
89
-13
-362
-105
-251
425
106
628
30
471
-27
64
-269
-303
452
2
854
395
304
753
-346
215
-399
57
-97
278
378
-220
847
-430
-146
322
-461
547
32
-29
-288
93
-490
-266
-16
-944
560
-467
-354
91
-1193
-98
-653
-562
-286
-730
23
-925
539
-742
-246
-244
-825
425
-242
200
71
313
565
252
385
191
517
592
391
83
142
516
543
941
344
561
1188
100
1278
-398
-10
581
-321
347
-44
112
-129
622
-196
278
395
224
275
209
-190
21
-281
-99
-364
231
-427
-71
213
-636
163
-1094
141
-746
-252
-112
-1174
45
-651
-152
-209
-519
-57
-53
-251
309
-757
515
-530
62
546
-367
787
590
-189
811
126
87
995
-395
767
-387
253
-312
-18
-157
-258
161
300
-280
318
-436
-413
151
-1176
222
-969
-20
-48
-280
-126
-162
-305
539
-481
108
-111
-602
411
-584
125
-177
480
191
459
501
539
386
529
-390
421
180
-52
514
-471
364
313
-186
239
-474
-135
435
-633
106
-410
-454
139
-164
-102
105
23
-43
244
137
-35
303
130
-188
367
-42
47
435
13
26
-64
191
-225
65
-139
-651
30
56
-272
92
-499
-226
-204
-285
-443
-548
-132
-467
-248
-81
-186
-318
275
-472
-58
148
-95
219
-32
184
280
198
98
358
-104
613
149
365
171
77
5
167
-290
298
107
88
227
-144
187
-330
155
-71
177
322
397
279
491
367
590
243
821
-70
861
322
107
780
-39
103
438
5
115
299
-122
383
-308
169
-206
-415
-150
-588
-397
214
-661
246
-464
-384
44
-371
-313
-580
-609
-554
-425
-756
101
-655
124
-147
-675
-459
-351
-571
157
-161
-190
498
102
290
224
357
-224
582
76
-115
333
-33
46
393
-323
17
-51
-296
183
-55
284
55
346
34
2
7
-215
147
-131
-13
137
-40
95
161
-172
-156
210
-307
299
-112
-184
296
-418
18
-12
-336
229
-372
-78
-120
-212
-69
-364
-32
-251
170
328
-182
278
61
-331
388
-230
-42
461
-272
628
247
97
263
-104
402
-204
214
137
-389
711
-125
329
541
-356
759
126
74
335
-263
-130
115
-287
-69
-135
-184
165
62
23
92
-16
38
292
-152
56
8
-520
239
-466
-135
190
-436
404
-220
-206
157
-630
16
-20
-368
321
-260
-129
338
-378
135
196
-91
312
226
-304
218
-75
-233
400
-206
385
425
162
473
89
-84
115
-259
23
-259
-170
257
-30
200
93
-66
-51
142
154
-61
214
-342
-201
-34
-507
-24
-292
-169
215
89
118
245
-26
-46
84
-363
221
-164
0
-115
-53
-31
-114
289
-273
304
-185
-14
243
-266
107
-285
-556
-189
-426
-371
77
-473
290
18
138
154
211
-273
186
-95
-124
228
-261
237
-270
177
-9
177
222
-52
278
8
35
-93
8
-175
144
74
-144
290
-207
140
-32
-42
73
-144
-104
-123
-306
-101
-341
-315
-94
-315
162
-139
326
-142
83
152
-43
233
211
-36
225
158
-41
267
-85
176
257
237
190
115
-76
-22
110
-175
163
216
229
466
356
11
551
26
107
432
-384
344
126
-169
303
-98
-28
280
-186
59
47
-14
185
56
-319
-47
-302
-367
-65
-433
-153
7
-316
30
-29
-142
232
-77
-137
347
-274
104
6
-221
185
-91
42
-2
103
-60
-86
196
-250
7
-41
-330
100
-231
-224
81
-382
58
-90
-274
102
-154
-244
149
-240
-25
26
-244
42
-80
-265
45
-45
12
337
-92
275
129
-76
215
15
25
164
-149
13
255
-36
338
118
212
132
219
-72
119
-15
-268
11
-178
142
113
145
271
-30
120
-128
-354
-153
-571
-316
-154
-456
105
-236
6
308
-126
144
90
-163
0
-14
-251
178
-71
76
222
-19
149
47
-45
-61
18
-155
21
124
-78
97
121
-36
271
-11
-53
171
-111
85
-64
-157
188
-49
194
279
4
292
97
24
241
-90
2
114
-198
245
-73
29
121
77
-48
55
-20
-237
61
-269
-17
89
-177
167
27
8
299
-77
32
112
-96
46
-12
-228
103
-32
-146
150
-143
93
151
-26
134
133
-154
172
-77
-124
-8
-206
-75
81
-19
201
180
18
363
-15
190
-50
-58
-25
-221
30
-246
102
-118
15
58
-143
-141
79
-351
56
-200
-173
-103
-270
1
-283
-89
-36
-141
-24
-33
-74
190
-97
-17
0
-151
128
-101
77
-31
51
138
-148
268
-182
144
3
-9
214
-226
61
-44
-193
130
-190
61
159
-53
246
22
84
133
-41
-93
8
-96
80
-81
18
78
-46
101
45
-222
120
-55
-95
203
-212
-2
141
-162
92
56
-257
28
-168
-247
-41
-297
31
-232
-77
-55
-203
-41
-207
133
-69
213
24
146
110
153
212
301
166
372
183
143
203
-24
244
77
346
238
226
198
210
113
130
-46
-46
9
-89
154
40
91
188
115
93
15
-2
0
-178
-28
-269
-33
-94
-107
5
-279
58
-225
-80
-84
-233
152
-139
-6
5
-186
138
-291
-6
-211
-295
-9
-275
97
-41
-97
118
-164
-14
-5
-228
46
-176
-79
23
-91
198
128
56
307
-8
57
56
-204
90
-164
14
92
43
265
152
181
209
87
-10
64
-175
42
120
-132
90
-42
-207
277
-264
82
-23
-305
162
-301
-6
-68
-248
-59
-205
-228
-178
-376
-151
-132
-44
46
-131
14
3
18
20
27
-98
223
61
93
64
-38
69
132
-54
127
54
-1
258
-227
161
-124
-200
172
-293
7
334
-230
436
82
7
319
-265
254
-13
-113
134
-208
-23
297
-138
178
11
-173
193
-53
-124
159
-157
-16
183
-140
360
-60
45
197
-54
215
235
-105
393
55
-16
464
-236
318
176
16
210
173
-55
203
-100
27
124
-6
208
-51
-62
78
-152
-7
-65
-290
107
-236
-252
-89
-261
-72
7
23
-173
48
-13
-45
5
-65
-131
-239
6
-136
-150
-110
-356
-161
-56
-53
-145
62
-14
-220
215
-322
-59
-38
-116
44
-40
-25
-75
-6
88
23
229
170
155
100
150
-192
-7
71
-189
178
-38
-168
72
-120
48
-95
52
-95
50
243
-91
186
-106
-82
-102
-39
-136
-134
-36
-110
-81
9
-10
-18
75
-11
-49
131
186
-15
337
46
32
215
-122
51
33
-53
181
-63
103
88
-192
211
-130
-40
227
-94
128
294
-144
156
-55
-120
20
-194
25
-77
-33
110
-92
14
145
-28
229
173
-56
170
-17
-88
179
-100
-9
43
-40
243
-16
151
-13
-258
-31
-282
-249
-14
-252
-294
-99
-167
-156
-8
-172
-256
-71
-185
64
-72
178
-108
87
266
0
100
179
-62
143
343
141
503
214
502
159
435
397
195
451
192
197
379
249
231
164
150
63
14
230
-208
-44
-209
-340
-234
-214
-168
-245
-276
-91
-429
-113
-263
-521
-254
-422
-330
-236
-108
-289
-119
-118
-108
-209
54
-318
-80
-84
-335
-70
-158
-15
-116
192
-41
125
168
69
61
11
9
-195
-209
-212
-330
-229
109
-129
250
139
-6
203
27
-14
-40
54
-13
156
102
209
4
163
210
-108
350
173
26
331
34
-49
396
30
277
285
74
399
79
168
127
-159
145
66
-170
224
-105
-57
290
-70
94
76
-156
-113
-158
-196
7
-184
-79
68
-294
188
-11
-110
223
-127
-120
8
-208
-78
-167
-212
-22
-167
138
-118
-128
8
-148
-54
-43
-84
-47
-55
-17
-34
-94
135
-27
40
151
161
196
266
245
142
291
178
300
206
165
141
4
82
29
-120
57
-107
-57
64
49
41
40
13
-94
69
45
13
23
1
-33
31
-69
104
-112
4
61
-143
29
-215
-186
-241
-229
-284
-180
-227
-133
-191
-165
-75
-184
12
-34
-10
5
-40
-60
14
10
112
57
31
117
-16
-85
-20
-113
-95
23
-205
-36
-105
-112
-50
-178
14
-53
47
150
148
57
93
72
-58
138
-94
-59
82
-15
57
113
56
117
-29
-24
-25
-121
75
-53
49
39
53
-11
80
54
56
100
162
101
135
157
-3
144
-50
105
41
55
219
12
128
132
-68
68
-67
-20
-57
-164
2
-53
34
156
32
158
9
50
-37
-163
-11
-200
-141
-148
-223
-99
-120
-38
45
-33
132
23
59
58
-109
-9
-92
-57
57
-32
110
111
14
202
-6
116
1
-55
41
-166
-27
-95
-170
34
-58
79
39
-18
131
-21
104
7
-14
41
-7
22
129
97
297
162
157
191
-8
100
-95
-35
-106
-157
-27
-104
-90
-24
-101
-5
71
40
151
42
84
-5
20
-91
-147
-178
-222
-120
-77
-40
-57
16
-149
-29
-156
-60
-119
-177
-93
-169
-95
-123
-131
-156
-8
-111
63
4
63
108
13
68
-45
18
-61
32
-16
62
41
80
61
62
37
84
75
42
109
-48
81
39
-6
61
-27
0
-17
11
29
86
124
124
131
51
7
-54
-137
-82
-72
-95
30
-24
-9
35
28
69
12
121
18
19
-41
-62
-34
-40
-80
-39
9
37
223
149
162
94
105
43
-6
4
24
-10
67
41
41
-9
-49
30
-90
2
-70
-70
-26
-107
-57
-64
-28
91
157
182
156
268
210
143
178
-17
-95
-11
-85
-24
-21
-6
108
108
45
39
-69
-155
-112
-184
-108
-194
-104
-194
-162
-165
-94
-67
-99
50
18
17
45
-68
-110
-105
-129
-75
-126
-83
-109
-61
-143
-44
25
-11
1
-13
4
-37
-21
-65
-129
-68
56
19
148
157
268
297
284
249
163
68
34
86
27
101
56
77
56
72
14
10
-57
-60
-114
-133
-87
-127
-66
-123
-73
-117
-59
-82
-61
-103
-65
-78
-29
-40
-59
-26
3
44
-1
103
56
123
23
42
44
-2
82
-62
-23
-59
-38
52
73
64
91
133
90
166
84
-9
-7
-69
-55
-63
-29
-14
-5
62
55
26
12
-88
-54
-90
-71
-47
-53
-19
-24
67
-3
-57
-74
-135
-133
-100
-71
10
22
126
88
146
139
137
110
85
-1
-45
-23
-65
-14
45
113
139
132
183
52
33
7
-144
-93
-159
-112
-72
-51
-31
-13
71
77
66
43
53
79
49
70
9
-11
-9
-44
-20
25
36
96
160
33
55
-56
-118
-79
-91
12
98
124
150
200
63
60
-8
-66
-101
-35
-82
61
45
85
35
-51
-113
-232
-274
-266
-199
-175
-78
-113
-43
-96
-53
-84
-107
-147
-155
-114
-199
-131
-202
-83
-80
-48
64
122
155
174
116
21
-45
-60
-89
-108
26
-6
169
168
218
216
117
119
57
36
25
21
47
134
125
127
88
48
77
56
120
70
81
3
-118
-68
-161
-128
-31
-77
18
19
-34
45
-9
7
-7
-6
-13
-26
6
-39
17
-37
-40
-58
-80
-32
-127
-98
-74
-90
-48
-25
-5
56
84
76
144
156
184
216
147
163
108
124
92
-23
16
10
30
1
-80
-91
-73
-30
22
40
93
35
100
92
62
44
-26
-13
-48
-64
-80
-117
-159
-111
-125
-78
19
77
103
81
33
19
-41
-12
-23
-31
-17
7
48
22
11
-48
-95
-128
-156
-159
-124
-124
-68
-48
-39
-13
-53
-74
-29
-21
28
85
56
175
75
38
62
-69
19
-16
16
3
35
77
55
52
-43
-33
-45
-113
-39
-30
32
122
64
25
68
-69
-42
-143
-180
-154
-165
-107
-112
-31
-9
28
37
35
1
30
-11
43
7
60
53
12
98
61
55
59
-20
-65
-52
-90
-43
-55
-102
-55
-57
-34
-18
28
68
82
82
86
70
102
112
94
107
93
48
37
8
4
55
-3
3
13
5
14
36
32
43
80
58
26
36
10
-47
15
-11
3
25
19
-29
-15
-15
17
57
61
65
59
5
28
-24
-20
-10
-47
22
35
51
100
96
78
49
1
-19
-91
-115
-107
-56
-39
38
72
102
106
62
-38
-63
-83
-124
-56
-79
-12
37
47
27
-26
32
-13
-17
-30
-98
-115
-99
-85
-47
7
1
16
12
-31
-84
-118
-130
-187
-134
-124
-108
-53
-27
34
2
29
-41
-9
-36
-103
-57
-84
-48
-27
-15
-14
11
-3
5
-7
-59
-81
-76
-85
-82
-15
43
146
207
256
210
167
108
34
-43
-77
-59
-69
4
37
70
85
59
54
22
11
-19
-7
43
26
114
68
173
200
195
233
185
205
142
115
60
72
16
-41
-75
-104
-101
-41
-51
-22
-11
-21
8
-56
-81
-107
-101
-145
-108
-99
-100
-97
-107
-121
-116
-94
-95
-84
-77
-84
-123
-175
-173
-143
-129
-113
-69
-44
43
129
127
145
99
63
40
26
67
106
133
144
132
88
95
135
90
79
95
79
123
129
92
89
68
-15
-38
-66
-120
-65
-71
-42
39
-12
-13
-8
-15
-12
10
-14
-11
27
-36
47
36
30
78
117
147
152
120
37
35
26
22
38
65
61
108
62
94
74
18
-17
-117
-147
-230
-222
-167
-141
-90
-70
-29
-36
-15
-67
-89
-87
-133
-126
-149
-110
-60
-27
-1
-60
-62
-79
-102
-104
-165
-154
-159
-115
-107
-80
-60
-68
-71
-83
-81
-62
-30
-34
14
23
58
99
102
109
160
142
96
15
-4
12
-4
-10
-13
-13
29
77
89
132
139
92
74
33
-27
-27
-29
-48
29
44
58
90
102
105
104
90
62
34
-2
24
25
73
99
110
127
144
141
160
167
114
125
82
48
55
38
-3
-30
-42
-30
7
-5
13
-11
-60
-85
-110
-115
-55
-47
1
54
63
78
59
31
-32
-63
-100
-78
-61
-40
-23
-5
80
91
135
115
50
25
14
-29
-33
-43
-7
38
61
52
77
61
-12
13
-62
-79
-111
-200
-278
-288
-282
-277
-230
-244
-235
-215
-200
-154
-158
-144
-121
-147
-139
-116
-94
-61
-8
27
47
83
123
124
163
158
141
104
80
78
21
42
9
46
54
60
97
70
69
29
15
23
24
9
27
42
31
89
85
115
155
87
47
-7
-10
-40
-21
-11
-5
26
22
69
119
151
174
186
133
92
33
-19
-45
-53
-49
-33
-14
21
53
39
11
-22
-63
-87
-88
-89
-36
-42
-12
3
27
31
34
28
-22
-58
-140
-184
-238
-250
-223
-219
-181
-131
-99
-53
-7
13
38
87
55
76
103
97
137
125
104
129
132
114
106
43
-1
-51
-112
-106
-111
-100
-78
-45
-3
61
119
155
203
206
217
187
169
149
146
151
133
117
63
57
27
11
-25
-18
-27
-53
-74
-74
-76
-48
22
39
71
69
71
27
8
-27
-47
-94
-89
-99
-161
-120
-135
-161
-143
-157
-194
-146
-145
-102
-19
-13
16
70
39
12
50
-39
-34
-33
-77
-98
-133
-175
-217
-233
-282
-259
-256
-172
-67
-4
27
69
85
120
169
145
156
128
90
65
30
12
-29
-73
-93
-68
-64
-19
12
1
53
63
75
116
179
203
247
240
216
210
156
122
77
22
10
-14
-77
-99
-127
-121
-101
-75
-61
-24
33
42
85
81
99
66
27
30
18
10
4
-1
-15
14
-6
-4
-13
-24
-4
28
22
54
104
94
111
92
48
-1
-67
-122
-118
-136
-150
-106
-117
-79
-23
-5
1
7
-28
-25
45
94
144
213
226
212
238
189
108
73
5
-79
-94
-131
-165
-145
-138
-114
-70
-14
49
113
153
143
140
92
43
30
24
15
-56
-103
-126
-144
-166
-179
-206
-226
-212
-212
-194
-178
-140
-97
-15
31
68
82
87
84
74
32
-22
-36
-95
-101
-95
-109
-103
-56
-54
-6
53
68
115
144
146
137
156
111
121
131
105
65
58
6
-105
-128
-177
-243
-251
-217
-208
-140
-68
-47
13
51
107
186
242
243
247
179
122
69
-16
-56
-94
-134
-146
-134
-163
-115
-87
-57
-9
1
-6
45
83
116
189
144
155
142
82
51
27
-26
-1
-8
-63
-89
-117
-131
-103
-96
-57
-4
34
91
140
171
184
227
213
235
234
209
166
68
-7
-96
-128
-194
-172
-185
-169
-114
-107
-65
-74
-68
-84
-31
-58
32
66
110
176
189
190
180
193
96
145
60
31
26
-7
-42
-40
-16
-67
6
-22
13
-4
-22
-58
-44
-44
-41
26
-39
-30
-85
-89
-86
-110
-104
-140
-117
-126
-103
-118
-81
-84
-79
-29
-30
21
41
63
51
68
54
35
47
29
50
57
30
13
18
-39
-94
-119
-181
-159
-136
-145
-117
-103
-111
-126
-113
-84
3
17
35
75
55
81
103
95
99
102
63
38
11
-22
-68
-46
-57
-74
-66
-61
-53
-18
24
33
74
97
114
103
103
106
73
28
27
-15
-7
5
-36
-74
-78
-113
-115
-75
-58
4
54
69
125
168
209
236
281
288
290
291
247
215
125
92
-26
-46
-143
-190
-203
-207
-179
-166
-98
-93
-9
-6
-2
-11
16
27
52
85
100
115
50
-6
-86
-156
-230
-316
-366
-367
-365
-343
-248
-181
-92
-7
46
137
230
330
365
464
443
447
446
374
301
221
185
89
70
-15
-42
-75
-108
-147
-163
-112
-82
8
52
78
92
134
88
46
0
-73
-129
-167
-202
-244
-273
-339
-369
-393
-374
-308
-279
-198
-122
-87
-25
26
2
51
61
75
172
229
251
250
201
102
58
-38
-96
-59
-57
-59
-10
-29
-39
-48
-136
-144
-132
-115
-44
57
114
159
130
46
-25
-128
-216
-259
-238
-207
-132
-104
-77
-44
-54
-64
-51
-34
-41
2
51
84
142
192
192
185
200
176
165
175
220
187
180
239
219
210
206
169
127
154
98
72
80
44
75
73
35
55
66
36
39
16
-41
-81
-126
-138
-101
-106
-88
-94
-132
-121
-145
-150
-113
-85
-76
-18
2
5
23
1
25
30
4
-27
-48
-60
-39
-50
-27
-9
-21
-41
-45
-52
-51
-50
-77
-65
-48
-35
-23
-2
7
19
5
30
57
67
60
43
-1
-14
7
1
21
43
48
43
45
44
61
73
51
67
76
82
106
116
98
94
79
49
56
55
13
-1
-16
-55
-27
-47
-78
-64
-61
-79
-74
-77
-120
-112
-98
-105
-74
-47
-74
-38
-38
-37
-32
-51
-64
-83
-117
-161
-169
-208
-218
-244
-249
-215
-195
-190
-158
-99
-67
-5
15
27
33
23
42
85
127
162
181
185
208
202
193
185
189
206
196
192
194
180
186
213
186
189
211
163
156
117
20
0
-18
-71
-60
-100
-164
-164
-173
-195
-206
-257
-285
-293
-319
-269
-214
-168
-97
-37
9
96
98
101
136
131
160
183
196
200
212
163
147
93
91
145
163
165
212
213
158
193
136
103
70
22
-50
-62
-116
-172
-172
-210
-230
-224
-195
-210
-186
-187
-170
-175
-182
-197
-155
-68
-32
5
27
49
78
89
64
88
93
75
73
53
67
98
125
148
168
156
155
167
154
167
177
159
163
146
89
47
12
-52
-80
-94
-122
-150
-176
-228
-254
-296
-332
-315
-305
-300
-273
-263
-286
-231
-215
-204
-154
-133
-113
-52
-26
-18
11
37
59
130
203
242
283
299
264
259
235
197
186
185
183
188
203
141
113
81
32
21
32
11
-21
-48
-107
-171
-231
-257
-286
-291
-277
-263
-219
-184
-176
-179
-162
-151
-116
-34
31
75
108
125
135
177
167
199
250
255
294
354
369
369
350
294
265
230
187
161
128
85
60
13
-42
-62
-105
-109
-145
-198
-227
-235
-265
-303
-342
-355
-338
-349
-325
-289
-210
-153
-96
-57
-9
40
82
125
170
218
250
272
279
292
310
333
326
317
290
228
178
146
116
76
54
4
-42
-103
-184
-202
-198
-201
-156
-139
-144
-116
-104
-140
-143
-171
-215
-189
-168
-172
-167
-170
-194
-176
-157
-132
-79
-18
45
112
146
169
168
149
147
108
118
143
145
124
103
76
39
24
7
7
-12
-36
-26
-22
-46
-60
-81
-90
-84
-67
-54
-50
-22
-32
-20
-13
-27
-35
-56
-77
-68
-48
-35
13
43
44
55
58
54
27
9
18
36
42
63
62
21
15
-13
-20
-10
-20
-35
-19
-17
-29
-44
-46
-56
-24
1
6
24
50
66
69
88
71
71
39
18
-24
-46
-62
-77
-90
-97
-108
-114
-77
-36
-22
-6
2
-1
1
29
38
49
67
80
112
129
133
132
121
100
91
72
70
104
147
162
180
172
131
84
41
6
-36
-32
-34
-52
-37
-29
-39
-27
-22
-54
-39
-45
-78
-75
-75
-68
-37
-10
-11
-3
-25
-27
-46
-56
-57
-80
-68
-61
-43
-20
-7
9
16
-20
-40
-40
-46
-24
15
35
57
75
57
43
10
-40
-58
-71
-71
-60
-58
-61
-34
-32
-38
-66
-98
-105
-109
-105
-116
-94
-101
-101
-79
-68
-50
-38
-52
-69
-29
-5
20
61
74
108
125
103
109
88
50
48
44
29
45
48
20
27
32
36
32
-2
-58
-68
-53
-21
-6
-5
29
78
103
109
134
110
114
100
78
70
79
81
102
103
72
66
39
11
-34
-61
-68
-55
-53
-57
-39
-52
-63
-74
-108
-116
-128
-153
-130
-99
-113
-93
-69
-84
-71
-64
-93
-95
-76
-70
-26
20
67
115
134
136
138
125
112
112
96
112
117
105
121
140
141
175
184
146
124
84
34
25
29
8
45
60
35
35
18
-6
-2
-32
-84
-76
-79
-81
-68
-90
-105
-74
-64
-60
-66
-100
-89
-64
-49
-30
-41
-58
-48
-61
-82
-80
-81
-81
-80
-72
-56
-40
-30
-45
-53
-56
-56
-73
-46
-4
5
20
6
2
12
-9
-42
-27
-26
-8
29
39
41
71
77
67
79
79
84
93
100
91
70
44
43
21
-18
4
-9
-33
-32
-41
-44
-36
-45
-48
-9
8
35
48
37
12
-5
-57
-97
-83
-79
-51
-32
-19
-8
29
34
15
-38
-100
-110
-96
-88
-53
20
41
62
64
39
37
17
3
14
14
21
44
46
62
91
99
104
106
86
52
38
-1
-16
-23
-36
-19
-3
14
7
18
4
3
10
-9
-25
-23
-18
-29
5
23
45
48
36
43
41
51
63
66
60
78
80
58
50
39
43
49
66
58
62
57
33
29
50
57
17
12
-2
-21
-49
-61
-83
-83
-73
-118
-137
-137
-135
-155
-122
-110
-99
-80
-84
-75
-78
-91
-119
-82
-91
-83
-82
-98
-50
-19
-16
2
45
44
76
80
61
58
59
65
74
105
103
89
78
51
34
29
29
26
41
29
24
50
45
35
-7
-45
-72
-85
-92
-64
-47
-43
-18
-46
-51
-23
-21
-41
-56
-114
-122
-109
-127
-107
-80
-59
-44
11
8
39
47
27
67
86
85
103
125
114
122
82
40
36
50
47
56
77
84
101
68
55
47
48
36
38
31
27
32
4
27
32
8
-15
-14
-33
-48
-60
-80
-72
-79
-82
-89
-73
-64
-69
-53
-50
-69
-86
-88
-102
-83
-67
-42
-2
22
50
57
42
32
39
43
78
78
98
124
154
160
157
169
164
175
144
131
121
114
89
69
71
49
13
5
-24
-50
-74
-118
-148
-174
-177
-171
-142
-117
-91
-98
-90
-115
-139
-123
-118
-127
-119
-91
-83
-63
-49
-41
-19
-3
-4
0
13
37
47
38
65
81
82
116
108
105
96
80
51
49
33
23
52
31
60
58
61
46
44
8
0
4
-46
-48
-68
-71
-82
-69
-85
-87
-90
-92
-72
-85
-67
-78
-81
-85
-81
-84
-84
-77
-80
-43
-41
-27
19
21
35
44
32
29
46
58
70
78
59
40
36
15
20
36
29
46
69
88
85
94
82
78
76
30
24
0
-9
-16
-28
-19
-26
-6
-12
3
-7
-2
20
30
46
28
26
27
53
68
76
72
41
10
-10
-6
-6
5
21
40
40
25
18
10
23
30
18
31
42
23
3
1
-12
-17
-35
-38
-6
-14
-15
0
2
4
4
-21
-33
-31
-52
-65
-70
-96
-117
-111
-69
-42
-15
2
8
15
2
-20
-31
-19
-37
-38
-40
-21
-17
-4
14
9
-7
-3
-7
-25
-2
-7
-4
1
-11
-28
-28
-38
-52
-61
-66
-66
-60
-65
-57
-37
-23
0
21
36
29
50
54
59
39
31
29
39
50
54
63
66
83
68
88
85
87
71
65
59
60
65
40
41
9
-7
-36
-39
-29
-22
-23
-20
-18
-33
-39
-51
-52
-45
-41
-45
-49
-47
-63
-79
-78
-76
-59
-39
-23
-7
8
8
6
-12
-19
-12
-19
